Time (sec),DMNa,DMNp,SAL,OLF,STR,AUD,VIS,TH,MOp,SSp,SSs,HCa,SUB,CTXsp,BF,HY
0.0,,,,,,,,,,,,,,,,
1.0,,,,,,,,,,,,,,,,
2.0,,,,,,,,,,,,,,,,
3.0,,,,,,,,,,,,,,,,
4.0,,,,,,,,,,,,,,,,
5.0,,,,,,,,,,,,,,,,
6.0,,,,,,,,,,,,,,,,
7.0,,,,,,,,,,,,,,,,
8.0,,,,,,,,,,,,,,,,
9.0,,,,,,,,,,,,,,,,
10.0,,,,,,,,,,,,,,,,
11.0,,,,,,,,,,,,,,,,
12.0,,,,,,,,,,,,,,,,
13.0,,,,,,,,,,,,,,,,
14.0,,,,,,,,,,,,,,,,
15.0,,,,,,,,,,,,,,,,
16.0,,,,,,,,,,,,,,,,
17.0,,,,,,,,,,,,,,,,
18.0,,,,,,,,,,,,,,,,
19.0,,,,,,,,,,,,,,,,
20.0,,,,,,,,,,,,,,,,
21.0,,,,,,,,,,,,,,,,
22.0,,,,,,,,,,,,,,,,
23.0,,,,,,,,,,,,,,,,
24.0,,,,,,,,,,,,,,,,
25.0,,,,,,,,,,,,,,,,
26.0,,,,,,,,,,,,,,,,
27.0,,,,,,,,,,,,,,,,
28.0,,,,,,,,,,,,,,,,
29.0,,,,,,,,,,,,,,,,
30.0,0.021043089561559775,-0.06713011205215973,-0.029910155007485926,-0.08946571981735667,-0.010103590384508974,-0.1306078775246032,-0.003657282935314474,-0.13607756866363582,-0.022146309906861786,-0.08843144849775428,-0.11590453473315453,-0.03919253998254676,-0.025635633898508887,-0.05462356108726266,0.046958909837790073,0.04758446646081368
31.0,0.010982916636338552,-0.03770691882450517,-0.04892870989142042,-0.0877028042982612,-0.0208347675777438,-0.11646355780786492,0.01608105040668884,-0.12653012983790846,-0.0414635961916083,-0.08233711117190089,-0.10938831030690639,-0.04676479087052585,-0.046301334075183755,-0.03396392580622745,0.04615755733827368,0.01837014838629608
32.0,0.0014744413218742455,-0.01646894191106313,-0.05519469271281007,-0.07964502848116459,-0.02489465506839775,-0.08412740899484927,0.022449758713164823,-0.11463132119495603,-0.048762857652782016,-0.07364205621311175,-0.08775860409185764,-0.050328433559573914,-0.06391061449529536,-0.010805166831772937,0.034631629231607654,-0.009502472910655665
33.0,-0.0024657879737757923,-0.004493182822463253,-0.050111951727078066,-0.06505676755374881,-0.0188948644993424,-0.04018931000358015,0.011318795549660155,-0.09757841722626048,-0.03629654383404774,-0.05751188409414025,-0.046730279683631436,-0.04777922836967656,-0.07554857567011965,0.013050944965826415,0.01921986282714902,-0.028924836297104996
34.0,0.003913666956667487,-0.000700675506441078,-0.03579706680106834,-0.044898657691395255,-0.0023321582814524013,0.005878916704735358,-0.01722930586549801,-0.07369033588636378,-0.0030216387983578587,-0.03258072413617883,0.008875574856152499,-0.03762434740843438,-0.07819994534699318,0.03434068668954479,0.0075332867622749065,-0.03623560581203229
35.0,0.024760054152098258,-0.003140920150510241,-0.015560762315629528,-0.024112547370474108,0.02036830544704219,0.044667759276600036,-0.059674693901756885,-0.04603309400274115,0.04608257537314016,-0.0003205252774639335,0.06731091265126773,-0.021397513652816363,-0.0724415367463457,0.04652585888522444,0.00406920774531963,-0.03202214026365766
36.0,0.06076597258722975,-0.009511357680546414,0.005961665381446475,-0.010581129595387182,0.04105404062568105,0.07009261944312423,-0.10860826467152808,-0.0215869801407572,0.10081122816969956,0.035355814583401424,0.11441737200030651,-0.004154985156983371,-0.06317557176172021,0.04270484775433079,0.007523695721676031,-0.020561559013645963
37.0,0.1058263809211332,-0.016125174930338652,0.0237348486744238,-0.010303868678399072,0.05173859991896555,0.08118381720114135,-0.15140397408166165,-0.006065838890680149,0.14670307556786122,0.0679092257653329,0.13773712294532928,0.008288265868758178,-0.0558251258962221,0.02132568764103684,0.0115573060907998,-0.008108691400494125
38.0,0.14704558757327837,-0.017099203049603554,0.03373615679749764,-0.02298451512245673,0.048532491571719356,0.08145879234049729,-0.17160389086113761,0.0007983027242867606,0.16823342361834304,0.08949312290843964,0.12997364108983792,0.013268888757266048,-0.05170545844524025,-0.011010791751562195,0.009207873003550457,-0.000394385694800529
39.0,0.16961887864234113,-0.0058379960675191194,0.03414375419182131,-0.041700888059940384,0.03318313091099527,0.07684412220512013,-0.15502832275031492,0.004910519777799467,0.15497895812551787,0.09490743345906842,0.09197509045965555,0.012959242114348324,-0.04685535774068686,-0.042588514295644045,-0.001999491539169052,-0.0001179648480165969
40.0,0.16408470332438088,0.021461464599354906,0.02563907696656219,-0.05686834587694946,0.011557719361949248,0.07347758881523248,-0.0977104831872686,0.012976907398703996,0.10789148944864987,0.08575967433547037,0.03386656970129293,0.012674984854862655,-0.03508283471835008,-0.06304186835963481,-0.0181137530768785,-0.00553608834635145
41.0,0.13127545395168524,0.06264483930102058,0.010327256792162925,-0.06180019856808602,-0.009602541952053071,0.0754018065897547,-0.010241848298619865,0.027627044591748636,0.04089874498278499,0.07073346053718452,-0.027546701480002718,0.01733869753280411,-0.012798867638183558,-0.06870565988568365,-0.03131125596849215,-0.011155817262944989
42.0,0.0818107611383006,0.1092296739470331,-0.009843248669631625,-0.05631477776131949,-0.025521924298863154,0.08241639285427992,0.08473316000917692,0.04592366365136557,-0.02427579315171501,0.060908613373490184,-0.074951844272436,0.02841643458045056,0.01797120955760002,-0.06382413968396797,-0.03478584310256665,-0.010661858762433502
43.0,0.030925178515680114,0.1492934686617031,-0.03351009975527902,-0.04645853097265665,-0.03450536312757267,0.08973415971016774,0.16072189771103337,0.06139097623345753,-0.06724216206575474,0.06366691252568758,-0.0970904157987324,0.04297793179127474,0.050781168021797315,-0.05760335369448299,-0.026539723265137823,-0.0006424703853128877
44.0,-0.007837757976548171,0.17169317572274015,-0.05897787522554761,-0.04089808138352621,-0.037275858739111094,0.09037619593719028,0.19704526717555657,0.06767603492773083,-0.07685821263939431,0.07933446755752808,-0.09200202741076041,0.05538521499180005,0.07877016137949129,-0.05918339766130334,-0.009923153162962937,0.017368363625009892
45.0,-0.02698416894935623,0.1694212941780542,-0.08317163346039308,-0.045966598562949434,-0.035468293600870796,0.07918379062720862,0.18556488347469768,0.06178873060737355,-0.05438840657041591,0.10154666547623492,-0.06610418993703458,0.06064034235044512,0.09738304822694016,-0.07286317133689099,0.008856610265591654,0.037999453937382514
46.0,-0.026462603489743605,0.14152430241355807,-0.10157657525974366,-0.06198986756758171,-0.030718181723372234,0.05625060773043724,0.13220392822174473,0.04540495054041225,-0.01153521986765867,0.12000350597029849,-0.03106534944897708,0.05722949616392825,0.10409203374915166,-0.09560612370416247,0.024178463623290524,0.05513696777915903
47.0,-0.012455250723147376,0.09379720103814701,-0.10967507320990691,-0.08313608067967515,-0.0249396887938673,0.027838961990329696,0.053643395867196984,0.02361995090614662,0.03489689141443287,0.12437671227160783,-0.00020456535308181862,0.04765094946075587,0.09755570471970214,-0.11821341829440377,0.03319070889513707,0.06447181787488047
48.0,0.005766388030736011,0.03775715934993003,-0.10537549101083138,-0.10080618651557519,-0.020747361687303716,0.004339306225716043,-0.028778307100267228,0.002170290574435273,0.06942409412467501,0.10846794414688492,0.015549069100304408,0.03661896633333395,0.07834085704017908,-0.12983676542162723,0.03593318743736617,0.06426585192859889
49.0,0.01982231607447241,-0.012589902772186695,-0.09078005350643055,-0.10821358354524015,-0.02080634205885396,-0.0035147245235301844,-0.0954386610182235,-0.01480394526362987,0.08294385506096963,0.07302114046425126,0.011717057468931457,0.028446972856524238,0.04994945037442961,-0.12360829871084027,0.03418435548136459,0.05492205039408848
50.0,0.02501385811401755,-0.04522762941639795,-0.07189705994019187,-0.10334625720531611,-0.026406708814876178,0.011421157889470148,-0.13293402386277817,-0.025511943853481267,0.07421048286003754,0.025352663521709545,-0.007895243230564878,0.02517193265028606,0.018224766152102934,-0.10034018315166197,0.030361897846762582,0.038289464049214496
51.0,0.02029716909325566,-0.053931245143747274,-0.05640323640807523,-0.08886672909300816,-0.036581069782075516,0.0498805995428149,-0.13598040110560136,-0.030377636126746106,0.04753708984363017,-0.024302046063324166,-0.03335527716331962,0.026070078578655134,-0.010522693507917982,-0.0681426472340179,0.02701377618587411,0.01716010626662674
52.0,0.006396030992346655,-0.03988086696132306,-0.050704286813882705,-0.0697138261102532,-0.048575657723402964,0.10538150588521858,-0.10737926101374277,-0.03138065565304849,0.009213090395671565,-0.06732048792010263,-0.053701679958134095,0.02836917879993853,-0.03117305197148318,-0.038288190366571294,0.026395949710511544,-0.00494182408294301
53.0,-0.015167165887841524,-0.01054867963355108,-0.057620096367883025,-0.05059937853475827,-0.05938490709206872,0.1657243689786747,-0.05671937109867476,-0.030695047759282754,-0.03435960526356279,-0.09905069161799988,-0.0619536755531834,0.028656041385373893,-0.04069192002868987,-0.01992129704355691,0.029593233171849132,-0.023955305361754633
54.0,-0.04116452180055182,0.02357436666149539,-0.07542475268210456,-0.03497759971295739,-0.06746260730584343,0.2163604387013571,0.002110421140507551,-0.029234609209051163,-0.07627900685149966,-0.11817414406204128,-0.05753284789657085,0.02436775878029146,-0.03876637479601743,-0.01667369067925029,0.03538662423241904,-0.03596477890874118
55.0,-0.0660837156365648,0.05288935697066619,-0.09833666279035914,-0.0252334408109677,-0.07359843883221447,0.24461139977215873,0.0544727855437041,-0.026346762052897085,-0.10908026216554179,-0.1251843425981365,-0.04576086075185699,0.014667601722813934,-0.028507930342662337,-0.026679973402701725,0.039745115993980736,-0.03852612441069974
56.0,-0.08394249531509675,0.07172204382862779,-0.1181120163429526,-0.022610880347098627,-0.08005588144759292,0.2434652041152628,0.08919180036168003,-0.020891275152340436,-0.12722691188328136,-0.1222503291646095,-0.035589229405143495,0.0004742554485071811,-0.016253116634597425,-0.04473695004052866,0.03686344098935271,-0.03205980157662019
57.0,-0.09127606876662131,0.07987635086974902,-0.1263471664018085,-0.02611211533708899,-0.0881648647218996,0.21374296766752782,0.10252430598200811,-0.012614356085153275,-0.1304935235486703,-0.11389885914281501,-0.03649663352472237,-0.015926780996808474,-0.009119524099775829,-0.06411406507088353,0.021787289993248315,-0.020105983285719577
58.0,-0.08834763539848674,0.08233059191482128,-0.11730833420555768,-0.03163601975578749,-0.09624892707009987,0.16346015956625273,0.09980630908694664,-0.0027948898153067458,-0.12441493818417625,-0.10596774325416951,-0.05488713622135894,-0.03147350603932013,-0.011183760281729418,-0.07743676182985022,-0.006524829411458512,-0.007533051474133677
59.0,-0.0777212363186336,0.0864063981560541,-0.09052677788025522,-0.03314577415667089,-0.09971182031482788,0.10422662870723828,0.09269224360857597,0.006149176909111525,-0.11641783079856079,-0.10214662077582111,-0.09078862597611273,-0.04324557738203104,-0.02122807252806534,-0.07815459857329526,-0.04333076199087938,0.0024584886423639845
60.0,-0.062257963338284324,0.09725826357221047,-0.051462612063668915,-0.0256356196783171,-0.09320813246279386,0.046879424893471466,0.09292771321187214,0.012103168935995938,-0.11053682594586967,-0.10099487202716265,-0.13664774907034655,-0.04927143407653649,-0.033723808749228486,-0.06309874674734756,-0.07872024051278975,0.009995726967367374
61.0,-0.0446252591887391,0.1146402411610981,-0.009529618170517314,-0.007833761547494779,-0.07348284038163792,-0.0008860353593716143,0.10658322809539682,0.015035363244146102,-0.10534171185540284,-0.09666345685616769,-0.17946474852250932,-0.04862570926145666,-0.04190919511411172,-0.03426730750847565,-0.10103806754285242,0.017210125177465327
62.0,-0.027993066685337922,0.13297183395088102,0.024921684367249262,0.01695472465969087,-0.04144987672067428,-0.034475402030394876,0.13171079086845933,0.017340797996229267,-0.0966088132845717,-0.08275096651805922,-0.20515323324479773,-0.04123236855912165,-0.04091128361628326,0.001849494276627273,-0.10182042665811512,0.025298637831979713
63.0,-0.016173362888112323,0.14391161847986095,0.042852892729144755,0.041867663498733325,-0.0026175056648014357,-0.05161516207572368,0.15938963470587203,0.021700745117362873,-0.08161360218848858,-0.05581227114942632,-0.2028227945257925,-0.028234430992233824,-0.029800279765159945,0.03660390017637628,-0.07977646320991554,0.03275147225900334
64.0,-0.012462441774651712,0.13978411962788284,0.03818526229530715,0.05866212392575954,0.034351581941864724,-0.05233424178667714,0.17714646183375984,0.028089240546279322,-0.06122221967895853,-0.01650753926319715,-0.1679686034567481,-0.01271685031138541,-0.012108818762719332,0.06152002905455763,-0.041772683221948166,0.03599439276533559
65.0,-0.018162236652349423,0.1169780662641682,0.00974591658656637,0.060571908293285556,0.06053005173096237,-0.039587354250805736,0.17411650993903988,0.03283976557800954,-0.039033774207503306,0.030812823474493628,-0.1045742193058967,0.0004888427946473993,0.0057769789918836615,0.07038067956895831,-0.00023575964450249246,0.031752678402916665
66.0,-0.0321953098701767,0.07815655259904548,-0.037129363512701095,0.04512151664998175,0.07000116946511131,-0.019189979423564693,0.14627599871728858,0.030639264012429085,-0.01944290303895062,0.07889760959379916,-0.025283256937486273,0.006561845145128479,0.018189162114344126,0.061273263294862594,0.03191506273751221,0.019496797765038643
67.0,-0.05192634754391934,0.0314998920901329,-0.09109732479675606,0.015511600061483732,0.06201968305598631,0.0015937543682570546,0.0987345891267877,0.01778744418311141,-0.006580243282644478,0.11874916030570566,0.05170623987160924,0.0030297314728044847,0.02345716194241279,0.03781793612098852,0.046224139295921146,0.00207065862364719
68.0,-0.07386915656417674,-0.01301320816232837,-0.1381070589535292,-0.020374760111484896,0.041056076477215576,0.01627248946602705,0.04356189690714165,-0.005224980789782173,-0.004090535409269563,0.1416845486013938,0.10858307782313324,-0.008813506952887256,0.023976512985320175,0.008557664476488362,0.041172572501873526,-0.01607655954585779
69.0,-0.09353970422793094,-0.047443521616682235,-0.16627571281776088,-0.05284292106827559,0.014844830038763053,0.021477772616246185,-0.005085458681125654,-0.03294768394107573,-0.014109528527064286,0.14232932506519938,0.13390123225461809,-0.024010078172432985,0.022968451327256553,-0.015801118411456656,0.021807743127751782,-0.031170865967208784
70.0,-0.10560258862532095,-0.0673855656287985,-0.16994326178914512,-0.07355723365760028,-0.008553241313761954,0.018373126364932182,-0.03573615531550282,-0.056379772272062596,-0.0352939944410436,0.1213212641485576,0.12566029445090188,-0.035400413455349264,0.021265416594308795,-0.02629733292801713,-0.0025905956847570573,-0.040769612550160636
71.0,-0.10558304378403913,-0.0718027462327621,-0.15078555730532328,-0.07748942684364524,-0.02324201406662395,0.011736830871731701,-0.04314910287695337,-0.06592789505735971,-0.06218201153522673,0.08580400254868954,0.09087065401220963,-0.03618540771940802,0.01716841721953972,-0.018681412605093362,-0.022177367211005324,-0.04325478891852614
72.0,-0.0923327376694934,-0.06297260554609077,-0.11586516822645035,-0.06326577774124593,-0.02652224494216846,0.007121546818018425,-0.03038937254689893,-0.054668514373533546,-0.08716226168796198,0.0470945486729411,0.04320336612481716,-0.022947552663625418,0.00897935947871339,0.0057690474872885015,-0.030483578217032913,-0.037930375606946294
73.0,-0.06919500778628117,-0.04622847522702643,-0.07443577609428853,-0.03272673305173848,-0.018599965989387002,0.008360530396476482,-0.008083741286851983,-0.020954642252128373,-0.10332297623817964,0.01685088273379313,-0.0001732032501577383,0.002379745423491305,-0.002476417263258707,0.04113700433957663,-0.02646334024414399,-0.025749648458198538
74.0,-0.04274753928308256,-0.027887654266793193,-0.035091432805615164,0.009551100869573179,-0.0016686997750742936,0.016923180574538906,0.010473086614499692,0.030255153339954235,-0.10588381672850557,0.003492878179913562,-0.02302305921285117,0.033206074124324934,-0.013266118302780234,0.0788181681822926,-0.013129912161674785,-0.009375605640436784
75.0,-0.019473236942501276,-0.011708157822996711,-0.0037142261036013885,0.05686920798976147,0.02116580373746714,0.03257054528825223,0.016522050233527062,0.08812262693280662,-0.09201659672162449,0.009978265201752799,-0.015334884094274909,0.061608365805958645,-0.01767086731317475,0.11005613145010934,0.006049723350193292,0.007748697607870948
76.0,-0.0020618759516620837,0.0031796562086496122,0.017517441402839885,0.10138652943338036,0.046633204123185334,0.05361982518565054,0.010482351659425598,0.1391764722057794,-0.060780211210127374,0.033311466746312385,0.022701077209626316,0.08194404047876236,-0.010460701206654946,0.12820362228406343,0.02969364105086631,0.02263716937103266
77.0,0.011859866273505663,0.020510143853472305,0.02977022320093874,0.13528263888568504,0.07123342351759236,0.07603080051316262,0.0006091454154704025,0.17201547342845633,-0.014566320105448225,0.06547826884939255,0.07981941497617503,0.09205408214752263,0.010603635524966175,0.13004228736557205,0.05753207818521269,0.03379586285153466
78.0,0.02693092585095182,0.04241986678580843,0.036179494477772675,0.15212771828668084,0.09065711960383029,0.092816822215405,-0.00286142778594863,0.1810821410997785,0.038852045527642896,0.09534128044512853,0.13637526654145524,0.09188462560799267,0.04305395368493141,0.11611150424817654,0.08707827489187998,0.04169204922638892
79.0,0.04534141277404001,0.06610817247252107,0.040273598352636615,0.14876665674321055,0.09991246513002819,0.09597045272558258,0.006510852629604424,0.1677843675867557,0.08633674062177607,0.11161049449435614,0.17060937718504599,0.0819615752249787,0.08033552313978853,0.09026859418348195,0.11193510593764115,0.048270505077878514
80.0,0.06457160938807888,0.08470290155337602,0.044590626614591504,0.12713359516142939,0.0950742646568966,0.08090183258984796,0.028851646098488684,0.1391266746627442,0.11328035795271797,0.10702496096717103,0.16735966408274966,0.06364298578289766,0.11473499979614818,0.05862722773178727,0.12439896342579224,0.05568651086191285
81.0,0.07921723576138877,0.09158513722572927,0.04937032939160345,0.09431937764568804,0.07579791476723748,0.05051452732158166,0.05854536294661548,0.1050582371082625,0.11011202666026257,0.08233879288238043,0.12538220752851476,0.040320321939647415,0.14011037724746103,0.027961325128127316,0.12043314058745902,0.06500658533333385
82.0,0.0842552606043082,0.0842370713916524,0.05190990508065131,0.060019403611357464,0.04647128001620305,0.01522394959901598,0.08642479359626894,0.07556862328314799,0.07735310156002682,0.04715018388517894,0.05840605854200923,0.017355187350710483,0.15254684556705886,0.004076262612288749,0.10227392924811576,0.07556865811362991
83.0,0.0768994315165405,0.06491015943788744,0.04790968660564054,0.032598466272408304,0.014800822393099286,-0.012209228729064858,0.10293505849335398,0.058056490508788194,0.025809593729016252,0.015782811992249707,-0.011334207308144932,8.093355474267093e-05,0.14998332363171507,-0.009355648460660441,0.07652271719867408,0.0851783478517541
84.0,0.057094220657160494,0.038928049833740694,0.03455672107964668,0.015961079955644754,-0.011453653016134286,-0.023857876685501038,0.10159129737983501,0.05521751814246757,-0.02783827724899568,0.00027439150852082253,-0.06307233100655395,-0.008591952498966049,0.1325327916126142,-0.011860728434588757,0.05019298895826391,0.09075190788966518
85.0,0.02774212898393449,0.012569496276057362,0.012855760037115827,0.008741485426542624,-0.0277090963712992,-0.020712555866201517,0.08101485858502867,0.06398312124980741,-0.06737457563412362,0.004988119393848026,-0.08540763537570832,-0.009154934484458368,0.10316579456123856,-0.006998230172182383,0.0279270475792922,0.08904846977645348
86.0,-0.005385181859549508,-0.008688871153591182,-0.012436287223301484,0.006066144219330999,-0.03392965221112901,-0.010877924969498251,0.044624606150870064,0.076460474525301,-0.08282402813433909,0.025694373594285055,-0.0789895919720302,-0.004530172408288133,0.06739275996138042,-0.0013023180589576923,0.011164840672206725,0.07759155208709935
87.0,-0.03458858345585244,-0.0216707886805705,-0.034360203384035726,0.002827034003548242,-0.03355694366443815,-0.003533705647786253,-0.0009981073305330972,0.08310821271188505,-0.07351685314980928,0.05278484050857156,-0.05371060040055103,0.0019950122957389143,0.03195181570079128,-0.0006844568954562603,-0.0012309863148638738,0.055691492924705696
88.0,-0.05202410305134965,-0.02650979613482444,-0.04571132216026761,-0.003413573878028224,-0.030974661870382756,-0.0033525770896421754,-0.04793131153945949,0.07670423176104214,-0.04681945151825922,0.07662286504007526,-0.02216487550207383,0.008308994201013489,0.0035069891143528096,-0.00668258801570995,-0.011381327814521152,0.024960272711879925
89.0,-0.051876091355622996,-0.026316791331673788,-0.0414492837314583,-0.011433901287049705,-0.02917629406377098,-0.009279846727620078,-0.08875674970120248,0.05496173923922282,-0.013359494319170101,0.09235230718025447,0.006916333751916208,0.013538729575531346,-0.012709745416683566,-0.015728679128722552,-0.020700514093022815,-0.011017000738036853
90.0,-0.0323893518576456,-0.025289100493603965,-0.020880820423956985,-0.017510606446214463,-0.028848773091611872,-0.017651974179844803,-0.11817675607170065,0.02082969786133774,0.01782651053638353,0.10129084974656725,0.031170696723576457,0.017255117578067546,-0.014958605568563203,-0.021886531372199272,-0.029034441266132364,-0.047454621229821595
91.0,0.002829394051260796,-0.026298538294570576,0.012009359163951707,-0.01768306820251595,-0.02903673319572907,-0.026042572501422643,-0.13375109573507268,-0.018868790471541056,0.04144312473676108,0.10792566599825698,0.05207233794917722,0.01897917078606888,-0.006586428859494684,-0.02054213282318154,-0.03477425051540304,-0.07901149010739461
92.0,0.04508165038623811,-0.029263766154905644,0.050367685896268166,-0.00982612133118874,-0.028605029490197123,-0.034305613390531155,-0.135734346120166,-0.055519177886935174,0.055792777639847,0.11514459424656195,0.07070877840162812,0.0182848313260976,0.004995759512437073,-0.010545834140774656,-0.03559295806952931,-0.10024236699137096
93.0,0.0831584480550455,-0.031358104335011294,0.08671344428245362,0.0052099097501717455,-0.027277696804193508,-0.0429388078677324,-0.1267255413517347,-0.08124990042025367,0.062266822149246975,0.1217301673321658,0.08592118149120058,0.014992909552782433,0.0117261669815756,0.005680109429093659,-0.02944654148406001,-0.10629412794744508
94.0,0.10751230224666196,-0.02928867617142347,0.11404711595868275,0.023740200756830775,-0.025509576002337813,-0.051706433054886786,-0.11127823159645248,-0.09151791302939234,0.06492932840569728,0.12350069272735273,0.0952978601168579,0.009170945705313824,0.008266785442507954,0.023390905486277525,-0.015412931578582237,-0.0942363878414787
95.0,0.11351850981569846,-0.022070472482422585,0.1262324794059318,0.040647567600447514,-0.023635506212337624,-0.06015012449482256,-0.09477037125421042,-0.08660422966999963,0.06922641004042143,0.11631193442445178,0.0966159382457417,0.0011946994090511435,-0.006172183073378591,0.037337268113322275,0.005949005646914256,-0.06489195706305573
96.0,0.10197956631628041,-0.012107948846966332,0.11901347489558113,0.05116970897593796,-0.02132991435905112,-0.06877613894752231,-0.08151283260692026,-0.0713361950132663,0.07946305568175399,0.09859491490547174,0.0883151596085514,-0.008153558451605668,-0.02772665709670945,0.04337943589318328,0.03250692828546278,-0.024288710396184753
97.0,0.0776722241084994,-0.004065417216968716,0.09198599069455576,0.052074341122192766,-0.017713342225225442,-0.07901865349565564,-0.0732900411304761,-0.05348297166644669,0.09628970524866515,0.07222891181811068,0.06995811119330665,-0.017945540497990055,-0.04971917879288867,0.039555937986139426,0.060396655524833275,0.01682935192402519
98.0,0.047687747042508194,-0.0026778258710244093,0.050497202460352435,0.042346537819074055,-0.011614941021791223,-0.09164485877810784,-0.06930478662980849,-0.04143891273982137,0.11624035073364124,0.04175955877662931,0.04375087826539702,-0.027540797405208914,-0.06597423114692029,0.026737484788013036,0.0842416449206978,0.04645571943951426
99.0,0.019857206347446227,-0.01077400552506046,0.0057132756557788916,0.023841004889254985,-0.0017988247145185197,-0.10534152360805704,-0.06728134422556852,-0.04170825884012715,0.13398577854558688,0.012805152275687159,0.015962185665616743,-0.03661178767598345,-0.0735143646362918,0.008637874142689763,0.09840182111372589,0.05628125123037217
100.0,0.0007691935964962705,-0.027957598851187995,-0.028542913562828707,0.0013308890248933875,0.012405983128941039,-0.11739036031643162,-0.06468512840750743,-0.05699971371170153,0.14530726662113744,-0.009700786785967691,-0.004425360049650921,-0.04469741754365097,-0.07284092309536337,-0.009404217444650753,0.09884301129187367,0.04475552674884934
101.0,-0.006207212637698635,-0.05019550568955158,-0.04142781930162661,-0.018908131108832216,0.03003726415815391,-0.12580818400347324,-0.059428177810157655,-0.08555565687529822,0.14822173583350223,-0.023398203752433986,-0.010573835351704553,-0.05080108171901446,-0.06650733419531421,-0.022787166333165194,0.08458137328121003,0.016479218597727403
102.0,-0.001974258798661857,-0.07120092627283761,-0.030154051921753085,-0.03171925584374039,0.04778807729318981,-0.13029309624000363,-0.050521636047907575,-0.12178105845200003,0.14206722851035955,-0.029911359419774904,-0.0028967840349644683,-0.053628196235403096,-0.057994353246304475,-0.029922194886120017,0.05796167565988406,-0.020550756715819435
103.0,0.008570452099863199,-0.0856926610940206,-0.0015625182233132298,-0.0354652554564625,0.06042984403104597,-0.1307277158622465,-0.03912791280914395,-0.1579769249530594,0.12635032473874658,-0.034453840615581245,0.010126166745359058,-0.05244651277736885,-0.05132160940569846,-0.03281592745558531,0.0234436195538785,-0.05765689367212396
104.0,0.018172943725205795,-0.09228915833828032,0.030582528473991493,-0.03273465995422912,0.06242653889325829,-0.12520259548046814,-0.029128060651648687,-0.18666361660099967,0.10060912783034916,-0.043412976325952465,0.016429664003336193,-0.04780973972014545,-0.050268828305474356,-0.03549680169921481,-0.01449721996674276,-0.0876104972826423
105.0,0.02008609165934301,-0.09334648922955442,0.051064270527818874,-0.029104010500997736,0.05012060524084398,-0.11050461622592812,-0.025571494465438487,-0.20260520074660301,0.0651705328721249,-0.06135620002278946,0.00681875204705316,-0.04146819137702867,-0.05680729815227625,-0.04153153965463878,-0.052716406875091444,-0.10625183141798428
106.0,0.011144190447684691,-0.09170671079328507,0.049006461491119084,-0.030853824165344778,0.023538223659486934,-0.08547346420483082,-0.030972555217478315,-0.20391303946330155,0.02206323942399521,-0.08919293808287056,-0.020697206821418648,-0.03551049150305954,-0.06976514631216277,-0.05219099119283271,-0.08901088391820457,-0.11305103911540543
107.0,-0.0069170699043269645,-0.08730922523711464,0.021977670304036336,-0.04236843415512738,-0.012942522664912604,-0.054404199043287964,-0.04238214656818122,-0.19220169844648125,-0.024904241905001987,-0.12435371061058031,-0.060634349578160086,-0.03138880506957048,-0.08493841464414253,-0.06580444829402883,-0.12075910532485865,-0.1102923016945642
108.0,-0.02877753468813518,-0.07683330523679252,-0.02291042491619159,-0.06383316435825064,-0.051240026980494124,-0.026790807410616273,-0.0524244089516622,-0.17195108287039587,-0.07113800253909582,-0.16234023274012488,-0.103062467798047,-0.029497088375130712,-0.09686213404367926,-0.07825966624215713,-0.1440677316277575,-0.10161484325110202
109.0,-0.047960274714764904,-0.05681819929929358,-0.07156480192193136,-0.0906496523518792,-0.08145477212289096,-0.012312439817600933,-0.05381058033869091,-0.1491552784665453,-0.1119200250050174,-0.19812135034617767,-0.13760509912727453,-0.029364288486527054,-0.1014231549316374,-0.08463761753805721,-0.1543124154700296,-0.09075929035188716
110.0,-0.05874535253837215,-0.027552126037874207,-0.10862879862914543,-0.11552118310092734,-0.0948409331663236,-0.014690001852666102,-0.04360325351167871,-0.1294978700510437,-0.142041179789546,-0.2269707239999222,-0.15678486941464115,-0.030067454270992548,-0.09784765853352363,-0.08150888442678934,-0.14785506861384282,-0.08071870622311775
111.0,-0.057751635075836215,0.005632899907799699,-0.12401237167025851,-0.13187720743760759,-0.08705792250350372,-0.029710963371197552,-0.024232109855788112,-0.11663449769918358,-0.1561898433520531,-0.24553679504254589,-0.15826824975839146,-0.030755342224110426,-0.08843712720371467,-0.06873023800032663,-0.12389189657517904,-0.07334935349301977
112.0,-0.045324628597738954,0.03434145755728194,-0.11631246972180719,-0.13609625782003384,-0.060163981840071636,-0.04873602354177104,-0.0015666284948612555,-0.1110100461086926,-0.1513274863082693,-0.25313447140954104,-0.14533988917462634,-0.031318636045751934,-0.07610784345387764,-0.04961743106047592,-0.08555692181497239,-0.06940428056583409
113.0,-0.02566437025515218,0.050159270644263995,-0.0908076948085209,-0.1273945283507634,-0.022143843063339122,-0.06435877758286954,0.017548777784696698,-0.10932810894159567,-0.12945754954115524,-0.2522348945443783,-0.12517099033349838,-0.03264014742981059,-0.0623886323847046,-0.029239305553366554,-0.03993786054613192,-0.06855827535365856
114.0,-0.00524634284422525,0.046979708971715495,-0.054578799589838,-0.10659281659643577,0.01588510812231596,-0.07403024547635255,0.026881698131256626,-0.10544165187302028,-0.09839523576392883,-0.24747746563246828,-0.10572389441714282,-0.03587277894789303,-0.048015085825825775,-0.01195903676068189,0.0032869417807967444,-0.06927696617144231
115.0,0.009566996046198309,0.02291466820431028,-0.01347435664607437,-0.07568800495568441,0.04344063244775397,-0.07953422372968601,0.022021696716614008,-0.09348535744993536,-0.06944059591535638,-0.2433439366661196,-0.09247420004446022,-0.04129137028286947,-0.03481608959671043,-7.789319202588111e-05,0.0345641907322341,-0.06904049990405085
116.0,0.014704927798389951,-0.018042475578338584,0.027677777181004008,-0.038553621937600493,0.05396752185204909,-0.08350869194268734,0.001863124470746832,-0.07173552707986516,-0.05264770583527194,-0.24149752905770452,-0.08607541266618975,-0.04769206647528802,-0.02613996018299163,0.005766470432346824,0.047443595172840636,-0.06525008760390469
117.0,0.009523278756234274,-0.06608702633006,0.06400160391662293,-0.0012689823398851555,0.0467282607753065,-0.0864384201153376,-0.030033834838566975,-0.04394930120260322,-0.05210873204549982,-0.23952767036314648,-0.08251857362824966,-0.05258719769431204,-0.02493762792325055,0.005650489093479315,0.04028616483234968,-0.0564302787576187
118.0,-0.003713696510287089,-0.10850721780185828,0.09103967348575977,0.029300440667248302,0.026747413492785515,-0.08645448866245857,-0.06525959249941778,-0.016874413262421974,-0.06402475616550495,-0.23228002876708037,-0.07627661243717827,-0.05290531637074697,-0.03088938728175371,0.00024445042114012023,0.016256504106595886,-0.04293874534332679
119.0,-0.02139986605153223,-0.1341641990047741,0.10659860485834914,0.04841849182810585,0.002882584803640813,-0.08150322030894358,-0.09251055593831685,0.004125513787994646,-0.07876031372149551,-0.21516591165363028,-0.06426807814144278,-0.04588595188201371,-0.03898264144326989,-0.008321610656584754,-0.017788862195577453,-0.02652998550722171
120.0,-0.0397267450645687,-0.13704999387487263,0.11199957530601194,0.05614937957570505,-0.015218089923364698,-0.07168905787731061,-0.10149777568474103,0.0182056983389031,-0.08580859799119402,-0.18741057046175724,-0.047572077308756046,-0.029839140929854995,-0.04136081625616863,-0.015598422068924955,-0.0531537815891588,-0.009020439737762946
121.0,-0.054886428389809776,-0.11725079057028186,0.11138667811991274,0.057669854957029615,-0.0204243835695595,-0.05953348107168502,-0.08702104518475616,0.029041671547544307,-0.07885458429937288,-0.15301945392947472,-0.029959850870196522,-0.004558423147264177,-0.031737903998625146,-0.015386757479302779,-0.08165518817612177,0.008646713609421606
122.0,-0.06321811862153384,-0.07954796421849629,0.10965260793128048,0.06047069065377384,-0.010580906734503797,-0.04782063123690178,-0.05129750067101098,0.04225703149994768,-0.05818296125766609,-0.11863686429536316,-0.014872431433780616,0.028391119345536654,-0.009174305145780607,-0.0020970974601254725,-0.0974964458287367,0.02609385552021648
123.0,-0.062203001776748805,-0.03166698582641729,0.11047575006109925,0.0700799229735993,0.011256041024430756,-0.03723957795260497,-0.0039103206917183615,0.06236289621604446,-0.029691651400107214,-0.0897211471039314,-0.002978789264728721,0.06512815655104934,0.021326994946195627,0.02652860851264701,-0.09790825063962301,0.04274502337647452
124.0,-0.05187593079906461,0.016432751209119235,0.11537059862146809,0.08695719629270603,0.038848669011379296,-0.02605108831065538,0.040733544820092726,0.09060622638625986,-0.001710186605654139,-0.06765773659074958,0.00834990863099009,0.09908058302523176,0.051165280723939714,0.06778173151097075,-0.08304870380900363,0.05776378705766052
125.0,-0.03511619350446348,0.053647907445321975,0.12351789669777276,0.10603024487292632,0.06535495611753213,-0.01160074604309779,0.0685349732733373,0.12399164177349026,0.01865887598001306,-0.04974547239206585,0.023007330367751506,0.12207462310959624,0.07199485505820508,0.11363338651682313,-0.05582757536390094,0.07057553009787265
126.0,-0.016099646059058333,0.07101378507939551,0.1316003239944408,0.11860936253249048,0.0848233211226119,0.008085541681631869,0.07188033436987075,0.15552400674790035,0.02850627754558762,-0.031815671101196756,0.042638330731920124,0.12721507736318197,0.07948393980763625,0.15177769307201977,-0.021598755795737442,0.08098295253182214
127.0,0.0018222080324370234,0.06563606849028078,0.1336409764093509,0.11557889157927649,0.09256595052167739,0.03386129269290621,0.05317352232918739,0.1757250275138797,0.03071013305197702,-0.011047321245956147,0.06486897822162795,0.11190143354142677,0.0745545646702061,0.16862941674867338,0.01260986977684978,0.08849444662850413
128.0,0.016890894902326876,0.04187856190663098,0.12202794706107051,0.09088832499438255,0.08554311154632548,0.06582021446312768,0.02305468002856286,0.1754898691109171,0.03305886410246015,0.013154560865545633,0.08517328617169742,0.07904444057952759,0.06105358301131417,0.15402758590327614,0.039581580393010164,0.09165251032236016
129.0,0.02798140885010076,0.008990059584562038,0.09047193696599143,0.04450901630790703,0.06347702030790826,0.10314379090724884,-0.005353066305677756,0.1498955482601184,0.04398773508567771,0.03981160686221943,0.10021070972702753,0.03600132948592919,0.042482336925698756,0.10579146892755048,0.05392536893229161,0.08832535829942702
130.0,0.03355045924692245,-0.022699738531265744,0.03759937536279672,-0.01639059905280831,0.029986645374194956,0.14317275581984373,-0.02228264616294558,0.10122525271259568,0.06647444871176819,0.06696144820778045,0.10930334086491988,-0.0079951408508207,0.020868844856995947,0.031525901693125365,0.05374271956716303,0.07694713980710047
131.0,0.032156430829893154,-0.04502837163177384,-0.03109532403540898,-0.07910253567582716,-0.007640608396707594,0.18096167672147895,-0.02428024224222637,0.039152366714533274,0.09435841510372539,0.09181506615736595,0.11333646720951326,-0.04463313062017652,-0.0022621700722384426,-0.05345572703878591,0.041131249057999024,0.05794647510624347
132.0,0.024197472641344673,-0.05397583190592795,-0.10390629325550098,-0.12929007820625968,-0.04058947477522184,0.2100746784188755,-0.013636090626090013,-0.02216763216465808,0.11464317146280237,0.11111876937467907,0.1126314012820535,-0.06838694902785176,-0.024495042757196602,-0.1306993207439628,0.021421889131465706,0.03454850050530411
133.0,0.013016812484612525,-0.05000042385148264,-0.16592008287134016,-0.15530041663670552,-0.061724433236722935,0.2241253462535481,0.004509417457131706,-0.06858691091402323,0.11483587145948143,0.12190531244202117,0.1054547994465712,-0.07720554127125968,-0.041881868888889645,-0.1836576838510753,0.0014011112656321706,0.01224221251405814
134.0,0.003995896216839184,-0.03676898888539533,-0.20390389563888042,-0.15145478435282891,-0.0682000422843826,0.218714740924001,0.025341168232787883,-0.09018507502194315,0.09030908561959844,0.12236979414635561,0.08814783860991539,-0.07246939303342048,-0.04968726334279092,-0.20200779161425478,-0.013103068027698919,-0.003289052424313741
135.0,0.0016745438247231235,-0.019184028914605626,-0.21127290196925047,-0.11965951625300147,-0.06213078673838921,0.19363869558804012,0.04600871970838007,-0.08381181557212879,0.04695120675824293,0.11277827657849362,0.0572653981907771,-0.05831556588579252,-0.044277247347639284,-0.18415833942066304,-0.019317167516390336,-0.008944026057885876
136.0,0.006499951598261431,-0.0018223442531714773,-0.19015130704610678,-0.06892368067000705,-0.049211126238910906,0.15409018170944844,0.06505656541342694,-0.05347535617509257,-0.0020205536187452642,0.09606283001667155,0.013010771666729114,-0.04028755999898595,-0.024984048693517783,-0.13731251429592142,-0.01793353943127019,-0.006022261724174509
137.0,0.013873810328862736,0.011907409334546992,-0.14956855451570866,-0.012712476147551957,-0.036191576186710504,0.10928381740409934,0.08084074734059041,-0.008804809057557744,-0.042578613857606425,0.0773754260706651,-0.03830309986595922,-0.023710756873331434,0.005062439161068556,-0.07538896711707896,-0.011508483938779112,0.0003917035549566316
138.0,0.016891705227434013,0.020341840357858732,-0.10150461044536913,0.03527040057868578,-0.02837711706236495,0.06907822224144608,0.09115245384633888,0.03825813433074814,-0.06558889126168611,0.06269993730196748,-0.08512879565821253,-0.012186204209614996,0.03946337886480468,-0.015082208877665267,-0.002353285052015618,0.0043819260284157285
139.0,0.010814444217509548,0.023942388733517492,-0.05673122098386369,0.0654394803735636,-0.02816056887540343,0.04072869260364514,0.09460992600212868,0.07786609289531864,-0.06889616170423941,0.05744454570997332,-0.11508388320001944,-0.006587122001692678,0.07038575325122362,0.029396077126221318,0.008248816862651368,0.0025285394532494304
140.0,-0.0042103105844941684,0.024883084024531633,-0.021730615199627837,0.0749910512747081,-0.03484763785281354,0.02672380391639627,0.09198644085170932,0.10573178139300664,-0.05618909606882112,0.06515709747626258,-0.12055675740147127,-0.005198206164418474,0.0913231364186337,0.050899206368819234,0.019426596020769387,-0.004498283705634956
141.0,-0.02349768195151977,0.025812881972172196,0.0024078298576467303,0.06773847936716189,-0.04512032688905803,0.023707667869223067,0.08578977562182011,0.12361811613244508,-0.03463104980282572,0.08607923705894588,-0.10230267667980593,-0.0049761620683411115,0.0996810044312191,0.05080670062045556,0.030187168270700292,-0.01257898854103759
142.0,-0.039997557264605736,0.028750656658187483,0.018672005764785237,0.05127962946524166,-0.05389422321448614,0.023284146337512288,0.07842734411340328,0.13671414948784538,-0.012318072466321162,0.11634343979651543,-0.06902763898909559,-0.0029894487254724157,0.09748883339045648,0.036582353531748574,0.03970428868399366,-0.016294299862361302
143.0,-0.04688255687054984,0.03498503039667168,0.030772049585818608,0.03296349459198351,-0.05621116082910486,0.015449835525764715,0.07073920797748123,0.14951393896037718,0.004190410685747361,0.14875084894498866,-0.033514548411989316,0.0026056429006038303,0.08946869745390378,0.016992808348748167,0.047546948186600504,-0.01168521139613088
144.0,-0.03993993323673917,0.045700691620511144,0.03980080074622578,0.0170078170047587,-0.049768490915643004,-0.006272781914211632,0.062418945281669656,0.162476713474568,0.011838307014628768,0.17484618503679716,-0.00766663446046846,0.012079870106872495,0.07987930205000407,-0.001936205330704402,0.05313498779612184,0.0015741647971638675
145.0,-0.01915796311225542,0.062101656957346985,0.04365382244311691,0.004449732133032339,-0.03594091959118729,-0.040702122113505594,0.05395337555018326,0.17150211523131093,0.011888945361574067,0.18753659370492995,0.0013191977234989988,0.02418830545848914,0.07065318473177373,-0.01760643957675733,0.05521662521231642,0.019933275751862423
146.0,0.011158756476714425,0.08437327226733615,0.03956764282176354,-0.0046543413301802445,-0.018141364515442352,-0.07894172731080899,0.04803981426351806,0.17063634183704918,0.00893982418518758,0.1836357911687758,-0.007277780919837198,0.036844682378660135,0.06200829208075895,-0.028418442302958428,0.05253068142040308,0.037840069555973126
147.0,0.04387601465754862,0.11026449770412511,0.027352292917704742,-0.009150361517531062,0.0006967127351227074,-0.10899756048890315,0.04890370022981896,0.1560077678632931,0.008315891854027471,0.16552703331894847,-0.02783384250812564,0.04810591429572156,0.05421239149664434,-0.0314400817752237,0.045240820854487065,0.05031282559031383
148.0,0.07155894941868807,0.1347411269419237,0.010779960787812761,-0.006810171649833626,0.018991529363807665,-0.12163448796886529,0.059915093822193025,0.12810879042649048,0.013513352340477968,0.14105290282211475,-0.05003552507666467,0.05676423717878993,0.04834191181382351,-0.022954145222936508,0.0352943811650784,0.054485616909026535
149.0,0.08899395266760503,0.15168993744674586,-0.0037641618479244015,0.003568841095775772,0.03548656842924187,-0.11297964697209455,0.08121937968919155,0.09128471981744199,0.025296583165969087,0.12114309209596548,-0.06185565034764035,0.06217139334999099,0.045560026922565174,-0.0013867023803448006,0.025024130511450356,0.049725429991116045
150.0,0.09464186382387985,0.15701023032507788,-0.010477291548197867,0.019925405667219506,0.04816615308396231,-0.08327750973386715,0.1086834433081754,0.05174468825891474,0.042293056170229486,0.1157658991469038,-0.05331973058941206,0.0638139526762711,0.04591860405272245,0.030072772061201933,0.015660330487666383,0.03733188677569604
151.0,0.09043259736144282,0.15063572291969138,-0.007152252835455924,0.03683570553029715,0.05463193017964166,-0.035512892004782234,0.13442979468925503,0.015889898103348822,0.062158940575613025,0.1299684877038094,-0.019868763365644467,0.06118760100730798,0.047451893317427274,0.06348029685766224,0.007315482153560901,0.02062081523513785
152.0,0.0801259978268173,0.13563406218342286,0.0038860057905419107,0.0480685536887419,0.05362296665331409,0.023554609045170156,0.14895771584988393,-0.010658036673939874,0.0827516925673855,0.16159658533239216,0.035839591678563126,0.05377183702229812,0.04618015349103419,0.08921806561509335,-0.0001851623422056141,0.004821911478922381
153.0,0.06747335278215394,0.11529196708542062,0.01754029076717637,0.049984968411269516,0.04621164804966924,0.08226054246710741,0.14459096945540156,-0.023891047311746388,0.10244993243813817,0.20127050947477515,0.10396880038127243,0.04106764627562814,0.03786626895104667,0.10034190070737918,-0.007002255639472687,-0.004314497534726617
154.0,0.055384662108685576,0.0907625620366747,0.02923751381612809,0.0434827082766536,0.035589017980489315,0.12666257290260177,0.11887145520889449,-0.022269961026773644,0.11903410633456148,0.2350384875394546,0.16949489775812698,0.023234516520505455,0.021071162106444274,0.09552821557620549,-0.013616776979911212,-0.0031048053245016126
155.0,0.04579523504653197,0.0612139887181499,0.037320385189634854,0.033517298225340685,0.02545783259604774,0.14706296168274463,0.07605258872963903,-0.007140589479822086,0.12854778040829126,0.24967918293076974,0.2166742939855931,0.002303539094479574,-0.0007982299757639565,0.07910048154975684,-0.02094714058817629,0.008089603729595607
156.0,0.03916788229346864,0.026321087042002825,0.042676928809149306,0.026592038261400913,0.018099001976868534,0.143811285702264,0.02592049860602435,0.017605172914737323,0.1260439365785805,0.23847218452401794,0.23478777693947245,-0.017129895354568957,-0.020356666006249524,0.05840545965236184,-0.029728400286063165,0.025124000468400753
157.0,0.033701868398917645,-0.011329869740250529,0.046397183643753594,0.027512773258347084,0.01357537552313021,0.12717658463866632,-0.019736242837346027,0.046322650843488425,0.10770173762661693,0.20394531326515608,0.22184657371464733,-0.029026786638663902,-0.029763554641132048,0.040376231521958864,-0.039466615768677625,0.042074986161009055
158.0,0.0255468969523311,-0.046289402880537706,0.04843187729021321,0.037282069117300365,0.010724833450882614,0.11107927974080618,-0.05185529978162652,0.07260314671994661,0.07269379126687675,0.15609765290924577,0.18461906263301403,-0.028765571163374335,-0.02482337708744232,0.029502284413397747,-0.04779812476060661,0.05346780470215894
159.0,0.010965658058933505,-0.07238377839427318,0.04867146863750594,0.05324568008113634,0.00901481452284346,0.10550272037645465,-0.0676050230455173,0.09070044108226141,0.02458495315679696,0.10769768248800675,0.1360446436264723,-0.015770304956255605,-0.0070775574843876445,0.02764668118008789,-0.0509676747549851,0.05616605755687652
160.0,-0.010527386705339032,-0.08491384031017059,0.0481836382326184,0.0706361926495913,0.00941391174832061,0.11202800793307688,-0.07029966085004985,0.09715895651360448,-0.027934457710179553,0.06935065754217715,0.0909332883267847,0.00599710207118455,0.01717593369854217,0.03422348294413458,-0.0454057720965146,0.050771248438165155
161.0,-0.03471494442764373,-0.08196368285344921,0.04815125537290927,0.0838968586326956,0.013326307301421555,0.1239630397006506,-0.06612183121817827,0.09149595823212814,-0.07253432531111179,0.046347138731462116,0.06062786114028622,0.029689625461159937,0.039524458907986455,0.04577607491492386,-0.02947095836653404,0.0416310354687292
162.0,-0.054576143276955875,-0.06498916028162585,0.047546228700220565,0.08744216260185309,0.020673030710534026,0.1306212315650257,-0.060562346631146645,0.07530407924895853,-0.09755343123416614,0.03815697560861511,0.04896509992908442,0.04819227707256822,0.051952880703254656,0.05582244331287549,-0.004246289632536957,0.03476271008904976
163.0,-0.06405954946238612,-0.038684370224812414,0.04248902278767257,0.07684988858569072,0.029126747212429787,0.12325778805161255,-0.056750163484123366,0.05066755280928406,-0.09691494930117907,0.039920583789586586,0.051950091834204265,0.05652171916178935,0.0491026345031332,0.05644996159615231,0.02692354724305589,0.0345768499678594
164.0,-0.06093618002765324,-0.010089140316450482,0.028802183991652536,0.051233792636815094,0.035329952350748504,0.09878236228648485,-0.0556765182917619,0.01934559906406792,-0.07257601978582542,0.04421640205663532,0.0607324834790844,0.05308998337760946,0.030529096183097043,0.04201891705373097,0.059613061621933264,0.04127996170038085
165.0,-0.04756480087990462,0.01304227792400073,0.006305276304986498,0.015656436032152336,0.037179529594719,0.05953096852920613,-0.05726909272242221,-0.01670253892928397,-0.033550131530198264,0.04229251253202838,0.06527933230099305,0.039470203153924986,0.0016653208278138126,0.013167523497878504,0.0894417836093647,0.050494912200589666
166.0,-0.029805514892243916,0.024624038773117408,-0.018891604376871048,-0.0191688311054264,0.03543503097622463,0.011072428462008807,-0.06111042137793104,-0.054086473759752986,0.007307815063678264,0.025694198980865116,0.056998593665076265,0.01925870933631528,-0.028242782619059693,-0.022042190579848322,0.11263530187364665,0.05565947154761692
167.0,-0.014506463080958053,0.022359873869705862,-0.0366203595167437,-0.04105785485054971,0.03333713190968504,-0.03942225491222802,-0.06622461653110824,-0.08729802637932446,0.03739899936281141,-0.011032128606173017,0.03074783159512123,-0.0029431013539770417,-0.05058393205046899,-0.05131588286724128,0.12601985651401953,0.052051373196657216
168.0,-0.006527287136054518,0.007951530840806634,-0.03787877702356404,-0.04191689425865666,0.03445008942869027,-0.08418497201866858,-0.07072559414400423,-0.10955768565988597,0.04825803861934285,-0.0677108220326066,-0.012916406418668189,-0.02221012274333174,-0.06099388147027287,-0.06367603686402991,0.12694560920624545,0.039682604117839415
169.0,-0.006897398899166952,-0.01478496576796522,-0.019457676834256792,-0.021118694644155677,0.04023345270182207,-0.11653201510037392,-0.07255829922516435,-0.11516759171651571,0.03776284622371004,-0.13781386283620056,-0.06628706553114849,-0.034315574911160045,-0.05988027871321841,-0.053990177047356466,0.11359367512405404,0.022982963197798915
170.0,-0.01331458296620512,-0.04240096323738595,0.014231590635918372,0.014532037020538922,0.04872006725439238,-0.1332846289647538,-0.07120567526516906,-0.1022618000576496,0.009918915731267717,-0.21016229966322925,-0.11604473197012435,-0.03733584303770954,-0.05078004616135711,-0.02462677251964942,0.08556781525376421,0.007702569087952155
171.0,-0.02253320344386287,-0.07301739559675209,0.052414000866401786,0.05332812640028518,0.05494164554747412,-0.13639815140599307,-0.06860953700713912,-0.07439193781269664,-0.026873834316834714,-0.27174419740907724,-0.14801122317862603,-0.032912030844698036,-0.03857401858872635,0.015596913637213002,0.04441874891301094,-0.002679759186088352
172.0,-0.03242109364419484,-0.10515607335524785,0.08175013150833578,0.08259328238189692,0.05314307061683811,-0.13216188598346096,-0.067897834901466,-0.03969967266871433,-0.06189185442595069,-0.31027174022478893,-0.15265874848691793,-0.025797306576032485,-0.028354850113489434,0.05440842778844374,-0.005964808323894231,-0.008574650944585037
173.0,-0.04207054319826981,-0.13522411406785476,0.09151334807751094,0.09312388165288152,0.039899110531230055,-0.12785920569531328,-0.07080182621956296,-0.007690122511366508,-0.08466232920905449,-0.31690303224851696,-0.1288263276820288,-0.021282043639459305,-0.024473617711631077,0.08048589942555441,-0.05904079744109141,-0.013052491024729083
174.0,-0.05091489230406975,-0.15632733829431883,0.0778343541691671,0.08245747545651348,0.016262649073973186,-0.12791304590240257,-0.07603193668447442,0.014545489204918534,-0.08863149754405744,-0.2898678440026794,-0.08462952936614623,-0.021960256255334706,-0.02908856128027127,0.08797596932840436,-0.10593501349826114,-0.019241324776787146
175.0,-0.05841305728976925,-0.15996058779628794,0.04456767795455646,0.054924040033724426,-0.012588444376889298,-0.132153769455227,-0.07970468489651543,0.024201946296320952,-0.07474867122956146,-0.2373079830168032,-0.03536767035644528,-0.026181206277443296,-0.0407122276414373,0.0784802441526545,-0.1374757819932788,-0.02849652496428532
176.0,-0.0640738991765062,-0.13966396548257742,0.0005753784844293669,0.01841725639116356,-0.03974967428032032,-0.1371252653077224,-0.0772090735763499,0.02182014828445685,-0.05214250198698012,-0.17619756155047955,0.001357875989452201,-0.02923230920269918,-0.05427632627394663,0.05882846786374621,-0.14769220211787784,-0.04010878873887343
177.0,-0.06685668728451692,-0.09449515725667824,-0.044275372233567194,-0.019433664289769833,-0.05903862810048621,-0.13895597148502914,-0.06548112525025708,0.008931296652328861,-0.034205246270913085,-0.12626004878150202,0.012054156929155044,-0.026235932007553118,-0.06320810134983204,0.03634386937793385,-0.1362489923199442,-0.051916821557724195
178.0,-0.06430506157049308,-0.030369724556181338,-0.08202161937817462,-0.05310973834271923,-0.06641727023484655,-0.1353783369150518,-0.04449415493716734,-0.013388749599447611,-0.03163683650083142,-0.10149711920202965,-0.007418455655550131,-0.014903996862828617,-0.062431598121648425,0.015237502897198522,-0.10767250142415848,-0.061149381205223494
179.0,-0.053031254248516034,0.04145299219240709,-0.10791034525283205,-0.0792797478031424,-0.06103767055156283,-0.12592020956304534,-0.01687777656159697,-0.04417367645188843,-0.0466287649574254,-0.10418099483577009,-0.05054536361180098,0.003000167778058485,-0.05087454963116906,-0.003922017555357559,-0.06855001813461334,-0.06571320291666982
180.0,-0.031272323019671054,0.10775417303477042,-0.12079548476196243,-0.09667106228069823,-0.046100888387242,-0.11133750495150359,0.013744025482763315,-0.0814434490996483,-0.07200369849630403,-0.12480752268607805,-0.1030123606551938,0.021731547955161187,-0.03229549499545268,-0.022480531330760715,-0.025700737078405884,-0.06588348261749992
181.0,-0.0016948954247613145,0.1568118183499451,-0.1225877558217351,-0.10574995586727803,-0.028139747656323294,-0.09326032514987408,0.04381171612104167,-0.12124189634487413,-0.0955437010351279,-0.14746477495562246,-0.1474563766207322,0.033356116139990774,-0.01396261604607923,-0.0413484844156081,0.013751047647027378,-0.06480450584334486
182.0,0.028364280080566656,0.1808594059343277,-0.11626827302797967,-0.10742047212010768,-0.014119334913267318,-0.07380563565454347,0.06974215740275078,-0.15721326866848911,-0.10616693083205432,-0.15694916199197853,-0.1683829829686788,0.031300177158432196,-0.0037724749472057405,-0.05912958265932287,0.04237081979038998,-0.06652824303634422
183.0,0.05007488668367753,0.17748754911607745,-0.10350202355818487,-0.10169690289406502,-0.008309148917627499,-0.05502155096560523,0.08769846365505614,-0.18157140066277613,-0.09823735479449294,-0.14386886640084204,-0.15656978084651835,0.014284964948770601,-0.00678876439240187,-0.07177515005152392,0.054342578816924426,-0.0727854339682311
184.0,0.05783620646361021,0.1498840038588332,-0.08388906790884088,-0.08816405554977592,-0.01124025902969847,-0.038509209852973215,0.0937117388757956,-0.18780536680284732,-0.07247382172545104,-0.10621754579671251,-0.11161113415355466,-0.012097944056184445,-0.022661087774191666,-0.07456607651517363,0.048391782979084516,-0.08094980833008061
185.0,0.05241438176575081,0.10558359688033984,-0.05648167910372492,-0.06801335440052357,-0.02077193658980796,-0.02515851151919999,0.08412774205284647,-0.17367536137482714,-0.03416199862608083,-0.04837597008584075,-0.04125244000635124,-0.03792478157264798,-0.04566928001089401,-0.06549935577129962,0.02905082762210147,-0.08472379552519066
186.0,0.04025964846660533,0.054165213435062455,-0.022177355238281835,-0.04541737404813062,-0.03383444694937721,-0.014860416749599058,0.057018888611585355,-0.14258983915775061,0.009590121962663919,0.020751526112025256,0.04174328363039938,-0.05413717710483598,-0.0673898076660765,-0.047480909629248606,0.004914231045380845,-0.07740781880932987
187.0,0.029295689128077614,0.005018277593522755,0.014994496460301663,-0.02654858048142774,-0.047874506780195794,-0.006762700776109357,0.014818479550032914,-0.10269706876299751,0.051817621925827645,0.08953211075461524,0.12273726228159364,-0.056752144485517644,-0.08001953680016015,-0.027391775657790624,-0.015223074449093463,-0.05612274158929868
188.0,0.02390939278479022,-0.034176244064360206,0.04851443880045747,-0.016739955184980476,-0.061536059497126976,-0.0004411531257227479,-0.033669687616596534,-0.06417877190850442,0.08595321781832393,0.1452749069167682,0.18710050500168302,-0.04763791568675676,-0.07877338183545085,-0.01259656374962403,-0.026252709406008882,-0.02453076602535138
189.0,0.022535767232721427,-0.058430129471450376,0.07125812708089768,-0.017919019235004555,-0.07432701671686688,0.003132160861902408,-0.07468490712517335,-0.0357273537130893,0.10503903051969089,0.17615238160378766,0.2219393951595102,-0.03239502761651309,-0.0630857519605994,-0.007436912905859736,-0.028542252500085522,0.007901904402936371
190.0,0.019461172164252194,-0.06628838991700359,0.07768400256431597,-0.028193559684313522,-0.08569338082753196,0.0022582032915983126,-0.09503599609064396,-0.021560386905980295,0.1020218842772835,0.17372019382501475,0.21888854466374616,-0.017415473156250187,-0.03683158370393843,-0.012077413638646312,-0.026674402421075605,0.030156072259282005
191.0,0.009392277456776043,-0.060368648137433506,0.06583649541672294,-0.04351632552418731,-0.09430655239917732,-0.003624975660956605,-0.0890046029234707,-0.020432872154314923,0.07280752678731246,0.1359724156439709,0.1776646397404249,-0.007633208927609302,-0.007542218167016609,-0.02390135535961419,-0.026063824444157876,0.03520067042508581
192.0,-0.008365154489150668,-0.04659024959372007,0.03870212449685697,-0.059615944355497816,-0.0978704355277674,-0.012586695493376147,-0.06196257454717857,-0.027123510587600565,0.020775932303165837,0.06983464917728906,0.10844411366138086,-0.005396407425997799,0.015772234249495063,-0.03951816379069656,-0.02942847111844177,0.023533828556354917
193.0,-0.028653957505763803,-0.03146520228585885,0.004089431828519153,-0.07282045822559925,-0.09343218695210112,-0.020261433655097746,-0.0275787004882412,-0.03529817321165968,-0.04152740548516978,-0.009356341717192193,0.029834235154723148,-0.010218943131406526,0.025988461713424452,-0.0556146732988069,-0.034808216591927794,0.0025525631943999786
194.0,-0.0429140918673055,-0.01895548912567197,-0.02783331355954075,-0.08031893504044674,-0.0784890806669758,-0.021303920399862748,-0.0003655527989931823,-0.04021019444690531,-0.09645019259040258,-0.0829279276122803,-0.038711211445346005,-0.019213836450087694,0.02070881030363317,-0.06895596379737136,-0.03609945687853789,-0.017720429747939793
195.0,-0.04385146951117687,-0.009527201205489121,-0.04887727064603493,-0.08105840064077915,-0.052895242023989895,-0.01181099583322527,0.010869276756597422,-0.04037327164120657,-0.1285194048060392,-0.13603114461085297,-0.08557707126710369,-0.028380524756499242,0.002696618888010661,-0.07696233085779579,-0.02611837078281311,-0.029745728851238877
196.0,-0.029297583777855813,-0.002201830031572873,-0.05651344120099718,-0.07695553445517629,-0.02042732852761711,0.008362144260569863,0.0045895054390381945,-0.03792239940417372,-0.1293993027750565,-0.16200265537060698,-0.11022426604543903,-0.034544394037575525,-0.021968892940513636,-0.07907464745880918,-0.0008079115660358267,-0.03149430729383298
197.0,-0.0030460507142589326,0.0023572065136751464,-0.054199607454182924,-0.0726853382867576,0.011558134243427033,0.034698154989117914,-0.01622844338187445,-0.037672919928501476,-0.09807131693907514,-0.1618375199121807,-0.11931274625212038,-0.036894872698687464,-0.04624665635753837,-0.07741980806508814,0.03770536733880474,-0.026191057131770723
198.0,0.027296256101362278,0.000660415116861904,-0.04819640687278049,-0.07321324789273094,0.03475848646855419,0.05912358987996385,-0.047574357164377176,-0.045022353250898955,-0.03874341063296162,-0.1412013241891785,-0.12009824875837076,-0.03691794534619722,-0.0638515402942207,-0.07559723395731255,0.08089574643507405,-0.019499312741270595
199.0,0.05373715180965094,-0.011670487528549638,-0.043628747070009445,-0.08071826354671624,0.043395027964185574,0.07260920359301172,-0.08589107293790998,-0.06321643394792784,0.039951431374806085,-0.10834652814194447,-0.11650724208372627,-0.03670261558125254,-0.07067687018528569,-0.07657533503725313,0.11649616965783981,-0.016238253967582397
200.0,0.07065069077460798,-0.036448624853977096,-0.042925467793210256,-0.09354844076860241,0.036359919987599146,0.06829217453055575,-0.12747923695839847,-0.09137564517133358,0.12414059492867152,-0.07337940422759134,-0.10970080141033314,-0.0372955166883558,-0.0663048502029044,-0.08169590325144621,0.13281261748660134,-0.01877004075626965
201.0,0.07602584157066028,-0.0705894610103194,-0.0468133928608954,-0.10771755403879618,0.017115261698162087,0.0445262921991367,-0.16712269403836694,-0.12454415586540313,0.19545651006677528,-0.04677818969229786,-0.10093705173715938,-0.03854715954643285,-0.0546510235931821,-0.09103949392733679,0.12326356067299,-0.02732696657718074
202.0,0.07140235653278988,-0.1063524937153807,-0.05517174219269591,-0.11881951589026882,-0.007826113131417286,0.006765800996676038,-0.19731571389761976,-0.15529180666295275,0.23606750391194506,-0.03599975339781746,-0.09302570765168909,-0.03977349841048795,-0.04219500938608168,-0.10349642887150905,0.08956975268931235,-0.040770410525915866
203.0,0.060535746937478596,-0.1340525719937331,-0.06618295262859314,-0.122619211434769,-0.030714390812763174,-0.033755706334314926,-0.20929754441812973,-0.17551102865518448,0.23603289971248909,-0.04193660167577667,-0.08857932516273179,-0.039972067258296905,-0.03397624232830456,-0.11568560785209552,0.041731691717590016,-0.05666103940741762
204.0,0.04693466476870919,-0.14604834391877156,-0.07541298914257126,-0.11505608511764907,-0.04455586799120458,-0.06501574504984986,-0.19612425494722902,-0.1781534076175947,0.197461848081396,-0.058294418036394804,-0.08727855348751291,-0.03785380562305157,-0.030255949484111873,-0.12131710873699264,-0.006013402103055309,-0.07107674519555733
205.0,0.03153703768393155,-0.13998562541018356,-0.07702942657766679,-0.09319872633472237,-0.04542867429922186,-0.08008416499535158,-0.15603248313772325,-0.1593782047973772,0.13222505918316094,-0.07514356001151899,-0.08602848272609678,-0.03245992860608839,-0.02671730375148526,-0.113120248796989,-0.04151030002308918,-0.07934758486132577
206.0,0.012386842482258995,-0.11936550361275448,-0.06692194897350744,-0.057068689706616674,-0.03409006254321413,-0.07991043044756777,-0.09361178263720937,-0.12051492062164144,0.05544737909009565,-0.08447619628052147,-0.08249952848712762,-0.023871135078033075,-0.017706441198431067,-0.08686687486808171,-0.059698356768205174,-0.0779260642106995
207.0,-0.012990393460620914,-0.0912325218407865,-0.045282591571355724,-0.010787080153550128,-0.015398300458945479,-0.07108901512967758,-0.018335534757327042,-0.06820172451109249,-0.020317631807591226,-0.0837315186863214,-0.07823892152489653,-0.013006234124831925,0.00036935386683166916,-0.04446387385085513,-0.06345243302222366,-0.06603642250752657
208.0,-0.044017540337165005,-0.06274373579888916,-0.01656172810286082,0.03825339036999334,0.0043183124557788985,-0.0604468873100634,0.05794269490270963,-0.011890970968992776,-0.08736743529390215,-0.07512825611020166,-0.07781593866470805,-0.0007322207709592073,0.027491947035002032,0.006411719499640213,-0.060178297386840156,-0.045717009903837834
209.0,-0.0752083955250894,-0.03867750360066114,0.01295334951954535,0.08193046360748728,0.020057533409292838,-0.05061371215977807,0.12348944432890269,0.03990866479247219,-0.14215397490243176,-0.062436699539666754,-0.08450705784089187,0.012579048621628387,0.06031324004209158,0.05586569658490674,-0.056859636009900696,-0.02050447926363083
210.0,-0.09799414274795946,-0.02064056136292663,0.03799131567812756,0.11409129635157708,0.029507542982610848,-0.03944207429795075,0.16932475133755318,0.08216319271374595,-0.1835567553365103,-0.048381188734817865,-0.0962862144661039,0.026771301276365973,0.09340247602115828,0.09604484586689727,-0.0568561272793249,0.005888342452567889
211.0,-0.10513960049364238,-0.007379337669964159,0.05612051085990061,0.13233871923937215,0.033213404580151755,-0.022645636479711784,0.19163588537962578,0.11363793926411336,-0.2114125581450649,-0.03417670526775807,-0.10570970383881909,0.04171695958943462,0.12114878112607572,0.1238382213312136,-0.05956520694582712,0.03023463226134842
212.0,-0.09438102599738388,0.0045748500870768346,0.06811235693062494,0.1387264502020679,0.034398490698899796,0.003298208813738767,0.19264735606002703,0.1359896598857657,-0.22543187704682346,-0.02022625144262196,-0.10384320053980643,0.05751501068789762,0.1399739405069247,0.14112344982722985,-0.061492389499231505,0.05024392640329417
213.0,-0.0691047327905155,0.019903279924549405,0.07646671112912537,0.13877741137941155,0.0379285490884869,0.03982523687187143,0.1789605671476804,0.152379089542298,-0.22434569423362039,-0.006228863158107114,-0.08497343274056501,0.0743078725739054,0.14934217543769335,0.1524366662957044,-0.0574803192926236,0.06501189450620644
214.0,-0.03661532731283191,0.04253181570379048,0.08264295840522233,0.1385740498692561,0.04773615025130929,0.0857232831667948,0.15805222105246972,0.16560814532018706,-0.20599068059931055,0.009443928212458331,-0.04910637158123225,0.09130533808274945,0.15051340902553284,0.1612061651556928,-0.04269609769078948,0.07492890418168002
215.0,-0.005296102965769632,0.07298386894917316,0.08559847342836535,0.14158779631710153,0.06420190133360712,0.13633182840162578,0.1352079917831908,0.17648888804946752,-0.1689360793228243,0.02955024474539395,-0.0017526164413445419,0.10589653063735967,0.14450164725496503,0.1671326203696044,-0.015664868493397873,0.08091070100687782
216.0,0.01860166522798367,0.10707333571888077,0.08343515063979348,0.14727515199461222,0.08381409229906525,0.183416846206227,0.11284030048631129,0.1835579506188346,-0.11447397907673924,0.056195106997332565,0.04825015896969909,0.11415241392614897,0.13150284261145218,0.16636450429185415,0.019561831685553206,0.08363336189659593
217.0,0.03335901159256418,0.1374681534567349,0.07610381688660128,0.15170729846724743,0.101234558508393,0.21699227314853778,0.09187495911915122,0.18417673952788002,-0.047244776375339366,0.08855743530797343,0.09183057725196898,0.11282754073418758,0.11175737689755039,0.15387051028333382,0.05428140577195433,0.08340255625753823
218.0,0.04176464456454251,0.15682529370876452,0.06587580794401607,0.14946095934363196,0.11182838277607256,0.22862573693042923,0.07318470039222594,0.17618111154134353,0.025565123167363816,0.1217673043454844,0.12227139150615444,0.10132983026253037,0.08614863843618337,0.126597585936812,0.07888005543901742,0.08062437774511824
219.0,0.04846112492809885,0.16006310618039424,0.055241898024018105,0.13599351991860595,0.11297758003357071,0.21425611427314872,0.05767083090509707,0.1591849981015122,0.09538332413169655,0.14808789435740244,0.1363369866246322,0.08194823202054605,0.055987505362417325,0.08601040060105233,0.08714535457880641,0.07623148538635684
220.0,0.05644262822822634,0.1450823905851255,0.044574388069934,0.1094647894292622,0.10398324984965122,0.17486253440276703,0.0454606929126746,0.13472537802192427,0.1535890786949571,0.1605353906601714,0.1341325958050889,0.058199566432917356,0.02273766424504517,0.03849588667249836,0.0787086882597217,0.07147734449142848
221.0,0.06499685498927919,0.11295161021317315,0.03169597632675024,0.07117756125889627,0.0854743112653311,0.11530049131735784,0.035745033339656625,0.10526450985552063,0.19359418027068534,0.15730091475753014,0.11855204752611874,0.03296209153573252,-0.011658261546655519,-0.006979640998813752,0.058667162372517775,0.0672980119652425
222.0,0.07022072941174419,0.06834657989151187,0.013619990551650243,0.02493502865170243,0.05919947274243534,0.043093139320309386,0.027937761227030695,0.07344827159426379,0.21270108899705195,0.14374846637429742,0.09468595327340577,0.008182452184905672,-0.04386008167911784,-0.04263003480655376,0.03511698367806866,0.06376977268294143
223.0,0.0673287710850955,0.019420806511978618,-0.010998823853714867,-0.023791487982182447,0.028063635794970246,-0.03200229009637736,0.022757606319192887,0.042680191262309264,0.21149238908804924,0.1295114542726616,0.06848020340525719,-0.014040091544107874,-0.06871017535118944,-0.06473590421586595,0.015690715885371437,0.05974378456638307
224.0,0.053037217323399055,-0.02446215064951508,-0.04044531124055349,-0.06856608336768055,-0.004220468077558322,-0.0986812559269848,0.021277952778101034,0.01794266964807801,0.1911262991437315,0.12217712485446837,0.04449804101444991,-0.03080411964524928,-0.08062024674719072,-0.0742828789218448,0.004211532947140362,0.05287418648276969
225.0,0.02714326561975598,-0.056519135484439195,-0.07011610590859506,-0.10285922273804217,-0.03372922049965698,-0.14607526398207593,0.02263398756916634,0.005194614987252147,0.15220803312136777,0.12252366646589513,0.024359542384249238,-0.0391950898795581,-0.07615214122703357,-0.07532851245762334,-0.000617709726635488,0.04077153724076208
226.0,-0.00693116112420456,-0.07465480762951508,-0.09380880139046568,-0.12130739751656833,-0.056636106072970684,-0.16655773959484504,0.023417443968554223,0.009425862527205295,0.09692487224314439,0.12472076288134085,0.007018132290620994,-0.03783976560602522,-0.055781710282314864,-0.07202613850187692,-0.0032479907584737834,0.023011901991402045
227.0,-0.04323675879883826,-0.08028589598535807,-0.10577339549612527,-0.1212824474735874,-0.06955068714684891,-0.15815628727140335,0.019825606221044866,0.03241064534726856,0.03145663270018174,0.12050056200044065,-0.009664708312395489,-0.028138116681269896,-0.02428367852027598,-0.06629227690772366,-0.007712982165691197,0.002128428555408901
228.0,-0.07582034633180036,-0.07608805341105211,-0.10297966878156921,-0.10423162944348804,-0.07056434337498035,-0.1257019711706535,0.010217549557294111,0.07082661344697162,-0.034529953871535825,0.10412875461884115,-0.02689630573808606,-0.014577774331206786,0.009633455674308641,-0.05795225022512948,-0.01545367421582994,-0.017555638815827702
229.0,-0.10065117226401865,-0.0648610178713717,-0.08614231849211233,-0.07565445988740196,-0.06053665414575383,-0.07967753125143859,-0.004088476527651068,0.11592207153892957,-0.09067036491267397,0.07569822662412895,-0.04302897019675315,-0.0036602051651926154,0.03524639927395542,-0.046673226257270745,-0.02537643465811768,-0.032052188708729605
230.0,-0.11537636609493782,-0.04888634727772585,-0.05872137907888597,-0.04307217542890688,-0.043242120914378145,-0.03212301439595688,-0.019506026779177416,0.15601216028795495,-0.1284276832529944,0.04192616570728272,-0.052467796976617055,-0.0011704916740770946,0.04426989749287793,-0.03327577470327614,-0.03474071836622181,-0.03904533012466648
231.0,-0.11795438142015417,-0.02902728984522353,-0.025048849798458332,-0.012985331627165145,-0.023745951260572225,0.008347758981898839,-0.031411913164807174,0.18094729043868776,-0.14239543322291445,0.01441336362527305,-0.04666520592005009,-0.008914459306617164,0.03561774006741067,-0.019443965749621282,-0.04002729454084914,-0.038212073452866986
232.0,-0.10645152380645222,-0.004634515271841152,0.011026111180324817,0.011363341750140771,-0.005903737658537926,0.03875578119782556,-0.035591993738408025,0.18598239764369773,-0.13110963436176284,0.00514604543816868,-0.01837489614335989,-0.02317840276232198,0.016524877216780316,-0.006652628196688263,-0.038272877423296124,-0.031235031038996445
233.0,-0.08068875468459535,0.02512242834257604,0.046683932050384215,0.030310664317305634,0.00931015634194268,0.06009639851890716,-0.029512686721996934,0.17315283669566783,-0.09758072523954421,0.0204134379656638,0.03212265052768023,-0.03610414418623088,-0.0010396107879181834,0.004769349848505551,-0.028776920157814346,-0.021650026576852197
234.0,-0.04406337240847201,0.05975542411070054,0.08000221013315323,0.04626571482657675,0.023503140601169963,0.07418479026434753,-0.012859813895738998,0.14982043477046691,-0.048705869433548016,0.05682594789650951,0.09345827031772731,-0.039166986057280105,-0.006093565031766315,0.015953238119478384,-0.013765503624778144,-0.01395896411281676
235.0,-0.0034093539146230734,0.09702664341474539,0.10942856256856531,0.061508315721406664,0.03899671025617736,0.08182202139171023,0.012689865534967586,0.12526753794116047,0.006686739035097407,0.10263945505753994,0.14643361591388804,-0.027013499255589983,0.006566469737414284,0.029011232454663128,0.0029576857000202144,-0.011708540420746776
236.0,0.033477196481120616,0.13311738021116412,0.1334482770062738,0.07684050156189488,0.05685115793594414,0.08296751193156719,0.04384545827647984,0.10694885728788082,0.06029743531964467,0.14377971246216595,0.17324765635613165,-9.573369471563085e-05,0.03414760093485137,0.046011487839104,0.018255698780295995,-0.015362330188191409
237.0,0.060992432650964525,0.16252230904114418,0.15067021298953628,0.09172494730558775,0.07586822213488575,0.07767104850201215,0.07577698443729061,0.09808180434420082,0.10625679812374345,0.17064388118434765,0.16692897617084312,0.034956727236614214,0.06690534107295895,0.06782509829436402,0.030592093332411613,-0.021582529803429326
238.0,0.0773355015132559,0.17828299790036417,0.1599425282852089,0.10508034830657803,0.09270476923790016,0.06654608417941082,0.10237888360358387,0.09739696283756527,0.14132343013037663,0.18149198495551055,0.13480200978768814,0.06754269390479238,0.09215775216467216,0.09310856707157557,0.03908239879462867,-0.024935719102083392
239.0,0.08372236619333465,0.1737662603070082,0.16028671271626854,0.11566730633415305,0.1028615555168413,0.05082684748840365,0.11736519869524561,0.1004710574320341,0.16304209610918277,0.1810025342583371,0.09428861280715486,0.08704008077002645,0.09953620181702069,0.11779113662405949,0.04240854027985509,-0.021140062506240516
240.0,0.08252879007312575,0.14577578249137166,0.15102332317642075,0.12192078158293988,0.10225891720363306,0.032762784522120045,0.11602827377624154,0.10145655653803605,0.16806725955642104,0.17606465115655318,0.06454508507086001,0.08689250061706012,0.08515500921160293,0.13570472788082563,0.03914738593985569,-0.009369173531536828
241.0,0.07618033198261463,0.09727226494776621,0.13222905616086394,0.12176028825725436,0.08873265626225116,0.016339618490100776,0.09726729964418439,0.09465557254213418,0.15325609174036853,0.17183494959451753,0.05860997529917565,0.0672932558565311,0.05311949345015261,0.1406046732589168,0.028868740685093687,0.007967567461683492
242.0,0.06704043395250524,0.0377715703651844,0.10495576239821262,0.11300476983937344,0.06280776656335608,0.007059988297881855,0.06531915589389835,0.07617395785531836,0.11877392870367519,0.1695527741135386,0.07855860824259481,0.035316463276875036,0.014006872763186112,0.12890120918582035,0.012539491412828768,0.02702585585574997
243.0,0.05742369758366002,-0.019357367068567267,0.07112083525338245,0.09457309356514706,0.02780319167247836,0.009954080402066058,0.029591954880257666,0.04567341151060249,0.07030979239437053,0.16646599234952092,0.11478116939176256,0.0021759276699424273,-0.019030640802275817,0.10173225238828416,-0.00783318108961477,0.0441513493229225
244.0,0.049117020395881075,-0.061632712212768316,0.03371063237243913,0.06771415757766787,-0.010562620845389052,0.02688411108293181,0.0012691491164142244,0.007208707986397544,0.018439750173673587,0.15770082884810588,0.15010311324126158,-0.021353290809338853,-0.03513736431481033,0.06496619028562317,-0.029448435298109542,0.0566284050135939
245.0,0.042363964167012186,-0.08186004079499992,-0.0030304152486568168,0.03613835403739875,-0.045342005773028354,0.05520492747092047,-0.011915936236621242,-0.03203304135921398,-0.025328531896814607,0.1389339040115013,0.16742410336591898,-0.029277656496412792,-0.02971367513395559,0.026779395271477213,-0.048701186407523245,0.06270810470731579
246.0,0.035056157784851695,-0.08002193670997045,-0.03455305240547336,0.004695747914558545,-0.07038513309433794,0.08893471373289484,-0.009320216568720775,-0.06489985624118975,-0.053928905384099175,0.10860621866424479,0.15720697253989938,-0.022413894157069843,-0.005991688550357139,-0.005834420174911741,-0.061414275862114724,0.06137448281728632
247.0,0.023499969387479294,-0.0620747552817013,-0.05779623107597928,-0.022548281462386962,-0.08239514218393687,0.12125773402698121,0.002794677913112759,-0.0874842391383048,-0.06746879077480106,0.06920148292629293,0.12112971253685838,-0.0072136527003684075,0.02605701411945171,-0.02945129106771685,-0.0635881423656693,0.05239873797120037
248.0,0.005060765521961263,-0.036680722988004115,-0.0720577283372762,-0.04328819949217929,-0.08169771563221034,0.14594046916348327,0.014972449062269421,-0.10008798557427777,-0.07149398850945564,0.026949780244973708,0.07014037349472756,0.007780791524833753,0.05309533305286528,-0.04413171717927258,-0.052748395271359744,0.036843369568429755
249.0,-0.019229735055979073,-0.011691083077304739,-0.0781250095726963,-0.05628563927874157,-0.07137587329157244,0.1573252609488321,0.01968174693770497,-0.10551101725520709,-0.0733403179807079,-0.010528385885078846,0.01855982684539466,0.01576960535800363,0.06315792243615716,-0.051420657259674186,-0.029743218934837747,0.017448067396532402
250.0,-0.044441384685001986,0.007932363378182991,-0.07697891143689449,-0.0603174248536945,-0.055837278829072814,0.15092687046898168,0.01497822866928579,-0.10687964126509217,-0.07926497176555723,-0.03716308328886916,-0.021328641170371972,0.013731080417535752,0.049794082820889075,-0.052541905128936126,9.467610057838483e-05,-0.0017589737570392154
251.0,-0.06396494645052438,0.02038315795918346,-0.06983884779119674,-0.05461865036246011,-0.03978959929579181,0.12552679276594006,0.004726352968384906,-0.10712342753882009,-0.09211177079976753,-0.04971589555147211,-0.04142776955873938,0.0021463183913358595,0.013933206445455796,-0.048374295405293984,0.028111836368084245,-0.016487731389081932
252.0,-0.0723215855183868,0.026484808402835562,-0.05942215147031279,-0.040631417677748784,-0.027431790974602632,0.08498231107752426,-0.00425739459289763,-0.10938810037106453,-0.10918786239740261,-0.04749311353775296,-0.03810642639701542,-0.016248047202489152,-0.036486202232035275,-0.040647909196312726,0.04616840285611741,-0.023286143754725357
253.0,-0.06721493783717707,0.029052735569396373,-0.05048408465139686,-0.02298639604141196,-0.02136001229241028,0.03737901509961551,-0.006005085352156422,-0.11631963929237436,-0.12228419035072058,-0.03245669566767711,-0.012983098470638927,-0.037312760879825956,-0.08844140121836613,-0.03238263164430824,0.05097850571421603,-0.020353599891528767
254.0,-0.050464416619873456,0.03155002002796729,-0.04816322751904991,-0.008185709186770068,-0.02152279187310237,-0.00871024872805522,0.0017970791141444678,-0.1279650143408413,-0.12133904569785856,-0.010396424255849693,0.025969174074837436,-0.05611331211705256,-0.12718171087415037,-0.02638088172702022,0.04575316465789177,-0.007779613518357722
255.0,-0.027464653025695562,0.03569064777681312,-0.054861294949355544,-0.0013920493044181697,-0.025160983148757903,-0.04804918760645754,0.01665229103005751,-0.14024659298900896,-0.10014600554549948,0.008439406684291797,0.0651548832807017,-0.06810873506699239,-0.14081653159991805,-0.022840140984429706,0.037733818444641576,0.012710681945349536
256.0,-0.005170055182343276,0.03934549318146515,-0.0681773248865516,-0.0034178993434874627,-0.02817753617314524,-0.07926729556447902,0.031625964793282973,-0.146066770377082,-0.06041444328817664,0.011534814833900427,0.08935517644063706,-0.07079857984801577,-0.12499109372900684,-0.018624110288966617,0.03333531274254077,0.0378894623119726
257.0,0.010545889918130982,0.03674100746253122,-0.08173437471215755,-0.010326007829468112,-0.02738676116699822,-0.1021294375166553,0.03719915964065448,-0.1391006176327816,-0.011154628046063847,-0.010448745148437058,0.08791366023681543,-0.06483737034743418,-0.08562987571376302,-0.00958367693620864,0.03424479183789292,0.06293479482873161
258.0,0.017043807983517584,0.02149100202708152,-0.08825890779324702,-0.016064087281065124,-0.022317555372592154,-0.11501950413482416,0.02457753080563539,-0.11784965303837695,0.03615236524360172,-0.05829678778078586,0.05953387393536131,-0.053869594280714195,-0.03764263712849258,0.005750177295940417,0.03683698478478849,0.08188663287703542
259.0,0.015678083393108624,-0.009247224129989538,-0.0827951514002305,-0.01590935670296623,-0.015209588129133592,-0.11543501234031499,-0.010348566226643423,-0.08699150726925343,0.07259353492151753,-0.12367657245453002,0.01204951514384784,-0.04288734831351345,0.0010536806149763923,0.024502413312270006,0.03495536218508952,0.08922514532551418
260.0,0.010729857044496789,-0.052378639296515345,-0.06435255483837256,-0.008430742294039829,-0.009190421874041222,-0.10294797652008111,-0.06426302524887885,-0.05527042597971669,0.0938223376374452,-0.1939814652495431,-0.04274422956460651,-0.0355546485612328,0.01777735058297158,0.0411856538124146,0.02412580018053399,0.08207818688843195
261.0,0.007088870514728028,-0.09975178008917018,-0.03574308978682601,0.004241255242700239,-0.006306267859076482,-0.08177058647446565,-0.12657578793934907,-0.03173706324243157,0.09946626020404685,-0.2580633907549626,-0.09498214380882566,-0.031937061116389526,0.010808832204235069,0.05061953540495657,0.004513157545445833,0.06165722517538559
262.0,0.008069735932580228,-0.14105798859035193,-0.002574126079656142,0.017050278371582198,-0.006929806654153496,-0.06033461037858652,-0.18245175312278566,-0.022572307551329007,0.09176473813089955,-0.30876540155366816,-0.13950794534100044,-0.02841242105768175,-0.011075882618770825,0.049207738155335974,-0.01916998845466964,0.032773898192397934
263.0,0.014348994108786194,-0.16673065426576011,0.028032918925649335,0.023468360354593296,-0.010358445326963376,-0.04759527325756276,-0.2174412338384377,-0.0294175775078367,0.0742056646659708,-0.3424729665091924,-0.17514464365934576,-0.020272538523248944,-0.03485022439045877,0.034521182822965506,-0.040338895179121544,0.0017517366336616456
264.0,0.024055537856607304,-0.17045862921859026,0.049391660508719924,0.01809388010881245,-0.015415567084674384,-0.0484802946244769,-0.22243790230021326,-0.04910015061099808,0.05055110683859421,-0.35788579894968914,-0.20187603912593802,-0.0054216611650142535,-0.05094247030285107,0.005482929773388694,-0.053623540085354277,-0.025799541023210804
265.0,0.03362680964334153,-0.1514978983722344,0.05762056772215371,-0.00030380735244772667,-0.020556638396890054,-0.0617457178403651,-0.19739118254703608,-0.07469778392328745,0.02452411173965086,-0.3552359151321912,-0.21811417772790961,0.013470697704666334,-0.05743168387300576,-0.03561066567615697,-0.056753429862773506,-0.04629203246775226
266.0,0.0390419152345725,-0.11551835837239673,0.052916901049783735,-0.027302478075880272,-0.023982693389426827,-0.08137613575124256,-0.1515224648951364,-0.09795505844977044,-0.0005339432072241467,-0.33632421641461435,-0.22092496651040178,0.02991831564498238,-0.058709282463412914,-0.0812005105719254,-0.05098347396791387,-0.05858136535968332
267.0,0.037239311347133264,-0.07248955566366451,0.038763705252967295,-0.0543291043474323,-0.024047222485542284,-0.09992782562277853,-0.09908047379082607,-0.11227236406285938,-0.02272230861631042,-0.3051684230373233,-0.20960913372278003,0.03710817107719691,-0.0604016864065054,-0.11964652347415708,-0.04006369718265742,-0.06372163638302078
268.0,0.027638162853745887,-0.03227592781002558,0.01984267934767778,-0.07236029680543776,-0.01968517737837548,-0.11142094399361487,-0.052718697996682364,-0.11475579264932631,-0.04240586189135131,-0.2679391280297838,-0.18875768458358058,0.031934597585228396,-0.06443835735032108,-0.13964546139611161,-0.028125743930030388,-0.0639693912077022
269.0,0.013025724990266238,-0.0005130586608689641,4.3221418936502735e-05,-0.07583351253162184,-0.010850338270757213,-0.11239117965760845,-0.018287032581174843,-0.10639355685307829,-0.06138273641155401,-0.23087396319614698,-0.16694637061447531,0.01718929675183822,-0.06764655852387456,-0.13512828682302452,-0.017980628130675,-0.06141254723920997
270.0,-0.0014753772707768972,0.022816874622706516,-0.01858638757378548,-0.0651200725150472,0.0009595757130509022,-0.10176835155738392,0.006018509368875005,-0.0908891377959453,-0.08093794950483009,-0.19716114438980276,-0.1519060484432808,0.00017457522071384165,-0.06461521929994529,-0.10774185418113456,-0.01106817604323174,-0.05717476265923502
271.0,-0.011219507581376813,0.04133695995577275,-0.03553539580413001,-0.04644063944090428,0.012656855286690393,-0.08127056873523969,0.025868524713627133,-0.07334724893952654,-0.10058838343231663,-0.16562227056744264,-0.1461986628536417,-0.011786173159358673,-0.052553054488227315,-0.0659538217179419,-0.008248951919159845,-0.05163199777890861
272.0,-0.014398890491857764,0.05795869053570611,-0.05038142845400997,-0.028884273023066755,0.020694344312874566,-0.056109454417752766,0.045209088696104245,-0.059216684599727974,-0.11805768607069864,-0.1324550060517167,-0.14585068464343565,-0.01582899304694122,-0.0344691393306251,-0.021760790675018116,-0.009801917820598647,-0.04513429032649537
273.0,-0.012302656541201076,0.07098343702566796,-0.06140527763774044,-0.01978652534827618,0.022940061097328376,-0.034002756594386896,0.06272345049805346,-0.05298288351300527,-0.12994438003031067,-0.09445183386409607,-0.1417255022099469,-0.014763670393390336,-0.018225294214156952,0.013478199623897185,-0.014801694829034526,-0.03851812006611449
274.0,-0.008096925692550655,0.07363879127466381,-0.06550441813322086,-0.021112880765069727,0.019788229881155743,-0.021876561546302513,0.0722011561414429,-0.05640599938415494,-0.13290144978271515,-0.05153775151040956,-0.12315272590828005,-0.014426105286766957,-0.012001564464070991,0.03282046877058089,-0.021422760035706326,-0.03312774873324504
275.0,-0.0052508535372660725,0.05802785156136365,-0.0596648387136593,-0.029163451756416544,0.013576046727906195,-0.02222963311807792,0.06596187518891122,-0.06730273099907176,-0.12502681981411795,-0.007619735228824686,-0.08326928666653687,-0.01933977922977226,-0.019305318676007047,0.035777690839478196,-0.028308712324031912,-0.030483166316511736
276.0,-0.006121392423478387,0.020618092373988487,-0.043298331777620325,-0.03770138495746885,0.00687682675647635,-0.0319846285826751,0.03903115767708335,-0.08037959356493486,-0.10662944779254055,0.030297417942296314,-0.02379827632711525,-0.02987441951845316,-0.03705389965837528,0.027476528570703124,-0.035450688845986164,-0.031817103033803584
277.0,-0.011300682667243912,-0.03493275449588678,-0.019730116998106412,-0.042068071519638574,0.000919258934089477,-0.04480481917210346,-0.008135720171442954,-0.09007184915188365,-0.07997414971221439,0.05433259944033219,0.043900089697243946,-0.04264078484824424,-0.05782090937481804,0.015236344154737793,-0.043725156196319136,-0.03760930827787807
278.0,-0.019982355176144113,-0.09857667088430801,0.004733504674272378,-0.041391967639048975,-0.004942020168369625,-0.05471736268702964,-0.06908758948484231,-0.09327758125415309,-0.0484268286995627,0.058851148034657144,0.10286720562098205,-0.05299293030893001,-0.07401283727637883,0.00449535518299404,-0.05379797353013765,-0.04734641591575642
279.0,-0.03058534790857861,-0.15625347740303622,0.023432105882304925,-0.03811768696091855,-0.012488407144238642,-0.05813004009033787,-0.13247048182478943,-0.09022257525208688,-0.015488373347485462,0.043700210952143596,0.1380033222883355,-0.0573647757226734,-0.08094788862363926,-0.003761203077837318,-0.06517442613963702,-0.059825954494566846
280.0,-0.0409750352746604,-0.1928116823762962,0.03152281728957615,-0.03607195387172915,-0.023187555881219832,-0.053968676914411304,-0.18464477101701998,-0.08356839332112632,0.016227837975094552,0.015720878043150248,0.1428556890767263,-0.054346864442511994,-0.0775121196772866,-0.012969869523963713,-0.07556018402398235,-0.07380229070479731
281.0,-0.0486473546587999,-0.19620985616263062,0.026864277464154908,-0.038357937072257736,-0.03706881495234212,-0.04374984543186519,-0.21366652510439751,-0.07665297432556187,0.045916418945478335,-0.013313681220242094,0.12130004198634418,-0.04467591090497988,-0.06494710370417804,-0.028446864085726865,-0.0810312344263491,-0.08810312937364514
282.0,-0.05128049065605076,-0.1626901657353729,0.010322210497822525,-0.04587212767847025,-0.05265353277388456,-0.03216074431855248,-0.21316168679512643,-0.07167624408172565,0.07455449409821305,-0.03193790733606483,0.08305344969983403,-0.030824786294414142,-0.04556052036979267,-0.053593825995977035,-0.07777199378529318,-0.10081260495328598
283.0,-0.04721818493607613,-0.100112284829286,-0.013982984617563256,-0.05704670254429363,-0.06757860484329872,-0.026417305482376773,-0.18419423911492772,-0.06858919932252217,0.10330233557090428,-0.03429234367849189,0.03725562454575366,-0.016605047039482308,-0.02266797376003313,-0.08703914264770715,-0.06454707821836007,-0.10847386557207765
284.0,-0.03552727627448521,-0.02610106252482715,-0.039112974738041775,-0.06882104999710346,-0.07903726457862163,-0.03293519667565325,-0.13442413955606555,-0.06510056733116126,0.13132230180404053,-0.02194636932207619,-0.010291076046066537,-0.006309384600646001,-0.0008002168635946652,-0.12252311346974377,-0.043488903266815655,-0.106714770237868
285.0,-0.0162138784267763,0.0391096598500341,-0.05720962014235469,-0.07790980095396455,-0.08403149646672237,-0.05290209661676323,-0.07525928283859365,-0.05762521885768187,0.154936320525491,-0.0015733168766785606,-0.05543127904730219,-0.002981213749546312,0.01557785826794964,-0.15142765507232506,-0.018371821343262096,-0.09257526386245284
286.0,0.008893330929550825,0.08094860984426881,-0.06221575414636761,-0.08138151163035277,-0.08002057345087567,-0.08042382765971468,-0.018252681518953966,-0.04260758826366788,0.16869030956663453,0.01870126227469748,-0.0937424975133577,-0.006690125262143003,0.024507547605867954,-0.16603275997989142,0.007486940675387029,-0.06708777477336608
287.0,0.035424741193433015,0.0951226026721713,-0.05177908508363065,-0.07670043716119018,-0.06581738829525027,-0.10493503046244343,0.02821257482989847,-0.017768966871702332,0.16721410350336055,0.031673902344748185,-0.12128665706883092,-0.014212838626997975,0.02790869907391319,-0.16159082079828652,0.03155771660494062,-0.03584222054844888
288.0,0.05738106697254786,0.08712442272614093,-0.027282279034938007,-0.062050957787352,-0.041962523367995094,-0.11571379157752108,0.061104772956564996,0.016939042757607516,0.14711632912444103,0.03277118134976295,-0.13601752242350001,-0.02038472437849866,0.030606717500290353,-0.13670486360249065,0.051233022179036296,-0.006570329678774292
289.0,0.06979954644768248,0.06836429985560993,0.007619346010779046,-0.03710453599054676,-0.010435975253062854,-0.10528855694593264,0.08308277816396173,0.05901053947760789,0.109032316650977,0.02238284354780114,-0.13719840149782841,-0.0201098857678519,0.03804450014878785,-0.09281162716783757,0.06370235975760705,0.014649834609707259
290.0,0.07128021075314914,0.05121900713122297,0.048347302912670434,-0.003808117648530928,0.025494769353027212,-0.0708399992536112,0.10053019266698794,0.10384036561842856,0.05907829269117282,0.007347283271933854,-0.12370118206762672,-0.010005124438891106,0.0540541984334224,-0.03405382555347405,0.06708260291459815,0.02586443150711378
291.0,0.06430845922494469,0.04434372943486929,0.0895086727419535,0.033168695737093,0.06095474824488018,-0.014708155686828464,0.11931530599446535,0.14559729631289123,0.008035438510641514,-0.0009380981231425656,-0.09350249642053246,0.010593715571984201,0.07890274400381786,0.03214518303911821,0.06166611901665531,0.029092408348483343
292.0,0.05329327601697096,0.04938511895614023,0.12450475702172574,0.06674922785411301,0.08963934724860606,0.055318173083959116,0.14009440902739687,0.1782159564999464,-0.03209578621178852,0.008387293407280125,-0.04509826049964778,0.03912044283031951,0.10805439007494973,0.09516469746683107,0.050192178466765776,0.028324465309876458
293.0,0.04193212856752943,0.06065773157920983,0.14619257308781375,0.08900845827656582,0.10534112606447461,0.12665019663032945,0.15678370705809025,0.1964695844613034,-0.05246099361412433,0.04019751835786995,0.01986638945261368,0.06993989999079513,0.13307193467450726,0.1433669726718109,0.037032710151530736,0.02731117555388769
294.0,0.031608620745576466,0.06847788586891566,0.14911258153846133,0.09395237279593194,0.1043016857515939,0.18447667148003943,0.16001140837898672,0.19696828415170908,-0.05043329749183518,0.09047334092832392,0.09430044918411248,0.09580259782717498,0.14525508879638963,0.1679091744880053,0.026887261393381767,0.028331483392716038
295.0,0.021607176666001978,0.06461769308440853,0.13204823933310852,0.08042563829200292,0.08708006655142612,0.2159240352642652,0.1430611485642097,0.17887330996021963,-0.03014153264706766,0.1472830402523411,0.1657256495327966,0.11047724121862906,0.1402583190589895,0.16595359931833076,0.023638229342659862,0.03206793862325497
296.0,0.010560605961840734,0.046840173222956645,0.09878525654703,0.053217548078298794,0.0588390799934289,0.21398133432509858,0.10613075820600391,0.14424840523038354,-0.00048596143779663784,0.19511639703373104,0.21925349042780679,0.11104200152125122,0.12051128799645383,0.14124557212301342,0.02963234523618614,0.0379718846530695
297.0,-0.0022110824816838825,0.020140786700964097,0.05623784488696088,0.021116997754336665,0.027769357943673585,0.17946936906561806,0.05672219623640126,0.09794863883610357,0.028181248313388294,0.2205729706645977,0.24188461707876424,0.09840388654299265,0.09367075625642884,0.10196301463644152,0.04516833436138512,0.04465880885310669
298.0,-0.01623705657427839,-0.005652944759919704,0.011699945403294849,-0.007132317995923961,0.002343051268937651,0.12056015771791469,0.006709891902212052,0.04694863413575297,0.04721042927521875,0.2169754835253998,0.22657663678427117,0.0761257308232843,0.06859342487116647,0.05754279202272135,0.06777735746833931,0.05026107102637814
299.0,-0.03010001828132949,-0.020558990489133528,-0.028276202629546845,-0.026298572683810334,-0.011418820103860888,0.05036272643431072,-0.03204065446522321,-0.0007409058253487666,0.05185208066456542,0.1861766232145922,0.17547353570568133,0.048703034736047264,0.051802787102351776,0.01629109554961355,0.09167892456582205,0.05272717267006081
300.0,-0.041811004458509056,-0.01927382713409534,-0.057378085288552046,-0.03549435499439815,-0.011632819386311026,-0.016391293165437783,-0.051844223387171234,-0.03750504807812778,0.04234115015556626,0.13739549346857693,0.1011508846597718,0.02042705843497063,0.04574534815798137,-0.015823737683180617,0.1089081496168136,0.05017596712953381
301.0,-0.04925453903872556,-0.004019075489255578,-0.0700747210716891,-0.036695231953858515,-0.0007712177442736342,-0.06651300925432496,-0.052042116071504246,-0.05810629028275785,0.023635739364461436,0.08427872887599827,0.024166712706112575,-0.004724744908006322,0.04835857338775553,-0.035933921564351795,0.11253259411498302,0.04144591084571173
302.0,-0.050710237654544396,0.016172250095438684,-0.06459422537327035,-0.03282581567112623,0.015451875459967585,-0.09093702648267891,-0.03930933182273379,-0.06148027313615472,0.0036379030518894294,0.04139123983238707,-0.033390139480055134,-0.022768486384057998,0.05384889130141618,-0.04476304703327809,0.09987612061651067,0.026814999707975407
303.0,-0.04510313543235683,0.02978148119019252,-0.04576310209527901,-0.026670079165951162,0.03029486813888501,-0.08682633399949911,-0.024495153703537085,-0.05058791096244253,-0.009786965255411827,0.02050354177012115,-0.056111505302144093,-0.03023758651789878,0.055204271787110494,-0.04587962755352281,0.07362109968991266,0.008787810934789064
304.0,-0.032269795497372154,0.028541621055317275,-0.023978327550725455,-0.020509908064456937,0.03862265291300142,-0.05871002318781964,-0.017064759922808672,-0.030184842880796512,-0.012226667407276449,0.026844985217143152,-0.04136673764725775,-0.026048322080821796,0.04766629841269569,-0.043361930218480706,0.04049556775048305,-0.007796581082545035
305.0,-0.014230749872391228,0.011321426293378728,-0.010043997945681228,-0.01598776031567916,0.038470646618560256,-0.01733914903930797,-0.02026423690643724,-0.00478846243663488,-0.005451802611962871,0.05649981094647086,-0.0002273353429564732,-0.013272600448554696,0.030841775954720183,-0.039377627862156116,0.00823661174926387,-0.01757344347542645
306.0,0.0033193664629903134,-0.015785472186519465,-0.009450469504525718,-0.01392573437470489,0.03068573793167707,0.023873187529317597,-0.02976270671214428,0.021625035514037792,0.0021124793608110165,0.09695579248447744,0.04703462551273365,0.0012330606390159825,0.008145669216559884,-0.033454198440977294,-0.017577994717270836,-0.01783686228352505
307.0,0.012013498540619357,-0.04269919573727554,-0.019976048614662283,-0.014095884014850586,0.017521677512987013,0.053011786783775626,-0.036372769623606124,0.0452093930679829,-0.001207376243679485,0.13185298404337598,0.0789655325182767,0.009570200516087478,-0.01547945414006127,-0.023666241839792816,-0.03473078190179708,-0.010272814865063878
308.0,0.005072744773568768,-0.05980304277496079,-0.03394072257491842,-0.015183806901518762,0.001543695227614211,0.06281816124015989,-0.03130003759613022,0.06259275337116754,-0.02357696333898941,0.14839614929625172,0.08176751188777694,0.006247600459268339,-0.035997008422951525,-0.00869466635284894,-0.04325333435945126,0.0005782045306779717
309.0,-0.018146992447415963,-0.061392620671480935,-0.04334027369794693,-0.015163973210707133,-0.01472227890306816,0.052281326882289626,-0.010908236761561751,0.07196659429907025,-0.06387933063987375,0.14326534883569972,0.055110876526829895,-0.009394340314714455,-0.051761662793376774,0.010664314757110932,-0.043799404421902735,0.010638851661141376
310.0,-0.05099917038944374,-0.046978716331299686,-0.04414854603065537,-0.011998635501500881,-0.028839196251640116,0.026144886062373866,0.02182776051661117,0.07387373423234103,-0.11160187940533746,0.12297738449728193,0.011132735450178175,-0.03263546163381476,-0.06311391078507622,0.031547090547269875,-0.03707773657504879,0.0184684021606465
311.0,-0.08256734948528884,-0.020543462056568217,-0.03710352193141189,-0.00428845057113641,-0.03872885914871936,-0.007345670360026353,0.05967690949017082,0.07099771938730735,-0.15221731981831013,0.09869655329812521,-0.033092661701496204,-0.05473930770768856,-0.07004805470567248,0.05042457022960096,-0.024240801535581356,0.024984243553835092
312.0,-0.10246411092708853,0.01126054002179088,-0.02558332825291371,0.008504337839381065,-0.04309991931714977,-0.03875292631946485,0.0949731929414496,0.06726710298847184,-0.17355831217498646,0.07969776929569213,-0.06415208898875643,-0.0656554642290566,-0.07009277435290823,0.06476104043433147,-0.0072582716737735215,0.03168729135736047
313.0,-0.10432118092976886,0.04083273412775126,-0.013119397666564357,0.02605292434780529,-0.04164892013771425,-0.0588745953826297,0.12189947104593031,0.0666562700056407,-0.1692552522572677,0.06998937396539166,-0.0759258581311324,-0.05733111990669273,-0.05903198684345763,0.07383195570937405,0.011238917334633199,0.039020281038024573
314.0,-0.08665446354034019,0.06099768818663053,-0.002181770094774971,0.04675307358863099,-0.03495389433279289,-0.06024404500488652,0.13656538128722193,0.07149888575137119,-0.1386857305700483,0.06932876348606835,-0.06738943125654237,-0.02704559870338459,-0.03419258906188365,0.07817186825079515,0.02829485879564687,0.045682822470469356
315.0,-0.05209031281035242,0.06656256015233838,0.005985328863100452,0.06718009197831637,-0.024224415383607697,-0.03954190190511085,0.1365534925639632,0.08080824238182918,-0.08542221487860403,0.07612788883827404,-0.03922033434534929,0.020145540666144948,0.0025103984251080977,0.07825451635783184,0.04062438367393525,0.04897021797002855
316.0,-0.006755623484418973,0.056156719630338685,0.011230470082812078,0.08258829220395207,-0.011036999721746455,0.00021328511051128116,0.12113740686739739,0.08998736948588591,-0.016491683885123617,0.08900592634692946,0.006506664238431631,0.07151337547571406,0.04378733737708137,0.07368117673225703,0.04462969817145165,0.04603421292042135
317.0,0.039966645711856666,0.0335282816888,0.014100930690305205,0.08874367792027812,0.0029063803230403125,0.04990738504335524,0.09199375727389333,0.09262971880912349,0.057089633174541195,0.10611908179623115,0.06388845008854342,0.11068009993748908,0.0788021277047716,0.06348088426343543,0.03740745918644372,0.03565480454185402
318.0,0.07706393561404196,0.007297169379155212,0.015230635108544322,0.08402643166061459,0.016063502564355184,0.09775519632189322,0.05402706744952445,0.08398794164135145,0.1205169718942899,0.1234398492564319,0.12124700473832194,0.1246782322298653,0.09735617709362888,0.04725028805395676,0.018684128208650445,0.019699057892405985
319.0,0.0956725131146592,-0.011315063882208003,0.015192466773262078,0.07057607238656338,0.027391735715708347,0.13367514826122484,0.01547454059611614,0.06472560113391516,0.15833353763971433,0.13351492145681604,0.1625028322667644,0.1103618193816805,0.09496267594522757,0.026569777415249917,-0.007806343914868241,0.0033774176920381795
320.0,0.09298479412023108,-0.012565043760832962,0.014931601336955957,0.05371211489078288,0.036460946520401015,0.151302533869587,-0.014138661008487124,0.04223559933040836,0.16015057373998473,0.12624328244516703,0.17244454615095692,0.07589150161070604,0.07541309103617982,0.005726520272626852,-0.034928881075742775,-0.006447273417519948
321.0,0.07346679898042911,0.00704968530789986,0.015665644466113522,0.039275133928821475,0.04291170271510811,0.1471196206609359,-0.02813906255293759,0.027094805728458512,0.1260456342820049,0.09284612961043777,0.14340404144855873,0.035781054066028654,0.04795533853955793,-0.009695096990190286,-0.054767767884233806,-0.004777747572172813
322.0,0.04641803505502799,0.04167572353503008,0.017433849941970187,0.029936943739812632,0.04547667920659874,0.11953193500473329,-0.026314529384359967,0.026171450767682024,0.06810208424832548,0.031910840782242905,0.07933864726863311,0.002609241026863735,0.02075044740435508,-0.016437582964610842,-0.06177054013820928,0.008129619675064342
323.0,0.02137511610038094,0.07727858636676395,0.01757962506346434,0.023606664390720195,0.04174611283542886,0.07027382616435777,-0.014928825209238593,0.03801219986372973,0.006031096327309988,-0.04696313163072582,-0.005198170753371583,-0.0187381257518978,-0.0036461417760438384,-0.0163235498583916,-0.05465338166775035,0.026260998619190325
324.0,0.0040903974472409396,0.0976212537324232,0.011526520546272193,0.01601098204082849,0.029423011363802785,0.007027596447940232,-0.0027293325665726192,0.054438031509226124,-0.04153052637143909,-0.12596102472346127,-0.09055417238047041,-0.030750640086186144,-0.027286080663270883,-0.01479444848548944,-0.0365162338944689,0.04097248437229818
325.0,-0.004854951231499028,0.09201004945288194,-0.004043546393523649,0.0050492580008834305,0.008217565218188075,-0.056235226746329414,0.0041061828853401015,0.06617567095912187,-0.06475115968908668,-0.18678547657891478,-0.15861305010631763,-0.0387486827798318,-0.052761568701317964,-0.016317361895878915,-0.013598137414926163,0.045554997866217424
326.0,-0.008535808897317533,0.06020869048601626,-0.02823212837107571,-0.007179947793975409,-0.0189495464738593,-0.10331854301157797,0.004582857621457852,0.06763138798839992,-0.064754226384578,-0.21803226231883674,-0.19731034934387115,-0.04653919615316405,-0.08025381934279234,-0.020905332073178132,0.006896220668973414,0.03826182061146487
327.0,-0.010744793696350553,0.01201166663180314,-0.05534133927647796,-0.015599380788659656,-0.04597629809008789,-0.12256143038926681,0.0021276592313690303,0.05849426255263243,-0.050458224287637736,-0.21899143068778953,-0.20257874356189645,-0.05470462770407378,-0.1068802248431062,-0.0241725879870533,0.019218815706497954,0.02228590432909445
328.0,-0.013862043273708461,-0.03747940237135505,-0.07681171102511268,-0.014886831079715043,-0.0650740129114073,-0.11213034973132203,0.001901953112756277,0.042599174620424354,-0.0336062723457055,-0.1995786050324164,-0.17894329655727317,-0.06123282390988732,-0.1274619306231538,-0.020203627061066553,0.020485238645178715,0.0031955771074372924
329.0,-0.01860160235273472,-0.0740395622910224,-0.08481838676171947,-0.0023924114865164544,-0.06978180023668147,-0.08064193392283592,0.00774258494083525,0.025174295203331393,-0.024348033260009064,-0.17625387969056314,-0.13847794360701282,-0.06327627072867048,-0.13622311825704583,-0.0053231242855779504,0.010505555610614916,-0.014115732286075518
330.0,-0.024563605764627294,-0.08952473790627995,-0.07585869806078996,0.01981250890675983,-0.058138208580240006,-0.04281039748494593,0.019631297871226285,0.010003540876534992,-0.027698683094664625,-0.1644706365126023,-0.0966931896790119,-0.05877962812929444,-0.1290629418852263,0.019252195001698086,-0.008866766010773462,-0.026890898428168542
331.0,-0.030216902358265126,-0.08432278939925712,-0.05216275250484657,0.04531761477087067,-0.0336888720576542,-0.012515072578192383,0.03290800129963627,-0.0019620756620470714,-0.04154274296055605,-0.1713152437729204,-0.06637300138695476,-0.04718803958033224,-0.10535844582806464,0.04757929256330562,-0.03386020356739663,-0.03407865185754149
332.0,-0.03262480123328147,-0.06592727879582147,-0.02026685041845832,0.06624806692229093,-0.003716326657279564,0.003168065187204005,0.04035089322074173,-0.012362397467419049,-0.0577620499915564,-0.19305044825013434,-0.053296825512502616,-0.029642097152821324,-0.06850167324228303,0.07181361316583426,-0.05910012912421344,-0.035487466214181425
333.0,-0.028143086441469983,-0.04446060819697253,0.011709562822761624,0.07640037561610812,0.023652709658913428,0.00624524356913323,0.03607698792233791,-0.024391878547875577,-0.06643468350720425,-0.21841746337338558,-0.05630896575090183,-0.009419146121011225,-0.02552252099216539,0.08535149387834036,-0.07903822405325492,-0.03181962284145674
334.0,-0.014445492713788664,-0.02798326877184281,0.036354021441561295,0.07289351757954525,0.04181574744709967,0.005647174647501727,0.01825737584449968,-0.041292564003532775,-0.06046102642572519,-0.2343041832309367,-0.06995691796863016,0.007876195337221288,0.013619458046133823,0.08440056691907269,-0.08986412714655713,-0.025105988851696712
335.0,0.007413434463358994,-0.019948820048996136,0.04837024260775869,0.05645041767605419,0.047061491852548355,0.011986711812948343,-0.010875496293308544,-0.0644087871410596,-0.037915352466422234,-0.2301203025471034,-0.08665081140203904,0.015779502464053862,0.037708171713476756,0.06817366656829778,-0.09055639823860996,-0.01820339498857441
336.0,0.03297615953335472,-0.018998060382527184,0.0454695162061323,0.030846754314028415,0.03902427698789564,0.03196176207986705,-0.046118164854409074,-0.09157606547836983,-0.0016030826662608627,-0.199798989187336,-0.09781477808323141,0.010342793069581477,0.03820215177492953,0.038757946284415354,-0.08246181771362981,-0.01324969547054568
337.0,0.056814216603138706,-0.0201335338447045,0.029043966871250042,0.0017635934457621155,0.020531925506716293,0.06510972319721879,-0.07965921584476827,-0.11693850391018593,0.04292220958841992,-0.14264485908120234,-0.09553773239663567,-0.006634462469432274,0.014478569073347972,0.0012010534092035932,-0.06780077543102467,-0.01047174577826848
338.0,0.07529297533617194,-0.016772143710521364,0.004328444219082421,-0.024674060731543695,-0.002835605456654078,0.10410741855558603,-0.1015396141381554,-0.13261213405630853,0.08928142896968325,-0.06419592129143527,-0.07537504426408366,-0.027384470667146197,-0.023736686213295246,-0.03668936419323767,-0.04824001158443762,-0.008576755795466127
339.0,0.08758876275126891,-0.0035308523374943,-0.02068910102919256,-0.04331571655199586,-0.023576504276364638,0.1378015857022139,-0.10214064554736257,-0.1316372543624041,0.13116984962658113,0.023651353033780034,-0.03878820404251983,-0.041708350066409196,-0.059927812257631344,-0.06589840376941636,-0.024547033856748772,-0.006286074194401141
340.0,0.09495535645343404,0.021289102494180548,-0.03782150849954267,-0.051130285762642134,-0.03394549449998081,0.15532197332283318,-0.0763286330403021,-0.1109030146598897,0.16238606026591565,0.10481793493800352,0.00673490487094232,-0.041951635468086834,-0.07852737428389917,-0.07916129390021237,0.0027803132749324136,-0.0032735916180076704
341.0,0.09923604800921683,0.05503797582821957,-0.04171554818650954,-0.04796060041001504,-0.028597631550366733,0.14990360185673438,-0.02628128296686365,-0.07272657811400826,0.17676385267246297,0.1632448064251593,0.04990266911651421,-0.02630351905380202,-0.07176116495963823,-0.07371019385917549,0.03263960769039702,0.0003723758000490955
342.0,0.10135727210252346,0.09192556860794844,-0.03175643566682779,-0.03669998926926125,-0.007255778018451534,0.12101672780036246,0.039184408318581256,-0.024742589342763438,0.16879808618539371,0.18701770131643042,0.07902247640824339,0.0008315380775914309,-0.04195095779262853,-0.051969212026483566,0.06256861266398797,0.005059953492578465
343.0,0.10042685722908905,0.1247111272375043,-0.011834923895206434,-0.022597679094037704,0.024341211797814028,0.07375288039326756,0.10768077451642613,0.021586684783210186,0.13566646794202936,0.17102766009218862,0.08596303449912673,0.030732816660058997,0.000846220902062435,-0.02002195721458258,0.08839831036336337,0.01146959924192387
344.0,0.09384032408672409,0.14609405237628387,0.01175988595927818,-0.011416063743510037,0.056292022083492745,0.01614150167249227,0.16636433838430062,0.05399504458619438,0.0799828637377946,0.11811200502063914,0.06935848333248872,0.05363704690890723,0.04383142519793439,0.01474475407127233,0.1048250287490982,0.019208023221402054
345.0,0.07840056084302305,0.1502030515688133,0.033159956882299065,-0.006678026169531236,0.07841126429760206,-0.043442251544918445,0.20451562169933352,0.06387263763947251,0.010914176663569745,0.03871301856781044,0.03472649752820536,0.06259953092236699,0.07669449883040719,0.04560354627401917,0.10690187332762806,0.02581841443525043
346.0,0.05231530727077634,0.13444055118690645,0.0490640523972711,-0.007457280947169872,0.08403370632310804,-0.0972367568827682,0.2159196433161228,0.050093774938817524,-0.05765725297429778,-0.05099505677787861,-0.008729262195830555,0.05631331711777412,0.09482731001633841,0.06773895663675614,0.09169040262680557,0.02746200637890121
347.0,0.017256999923685415,0.10102846283179039,0.05915706346834355,-0.008697436093904411,0.07199542224025833,-0.13822822510280117,0.20024791659326135,0.019351423939881682,-0.11100498568361376,-0.13244293162012916,-0.051902489083727764,0.03897693313485918,0.09920533633534509,0.07871363917631778,0.05938887466763932,0.021083967859074224
348.0,-0.021181562222117988,0.05706651622649244,0.06495659633423854,-0.004440262994884092,0.04638291850377168,-0.16138273544687642,0.1623125133281343,-0.017363465192345034,-0.13799689776806404,-0.1889370330216692,-0.08751039154275572,0.017169807749317943,0.09367329546617588,0.0780906892780343,0.01379329139171046,0.006627502520951615
349.0,-0.055386909682198386,0.012431304554512525,0.0684139188355904,0.008053876379294856,0.014674810711704806,-0.16567200770648796,0.10951813853149978,-0.04963646659217162,-0.13458472140602093,-0.2093208911910269,-0.10951343624692907,-0.003928786754814199,0.08170952548085696,0.06647227953135754,-0.03790989283709922,-0.012310790437143768
350.0,-0.0786251895716774,-0.02343547792847361,0.0711691616431991,0.02599232617427056,-0.014768681184298946,-0.15452424185555447,0.04955037296081688,-0.0711038804654851,-0.10477413675648824,-0.18972690550902974,-0.11218284350816558,-0.022386414454495372,0.06453302078749282,0.04466460503494049,-0.08608730074389911,-0.03000071409662901
351.0,-0.08706133536331499,-0.04374677416493521,0.0743255279515499,0.04211215607467342,-0.035004762360771075,-0.13403109541872377,-0.009653417522402218,-0.07999694776941517,-0.05891105304740267,-0.13402639135898944,-0.0912288370027817,-0.03859508043839416,0.04160999004506449,0.014000672137706503,-0.1203693582239933,-0.04105378971341174
352.0,-0.08040814571711213,-0.044843984931175924,0.07846014393440788,0.0488723178243883,-0.04202545457459239,-0.11043551505093056,-0.058388690193215256,-0.07692583996143258,-0.010745350413942768,-0.05402329045681289,-0.04722394599354882,-0.05274104031283016,0.013122695315834725,-0.021855492726848516,-0.1321101588639539,-0.04189774040738368
353.0,-0.06167419190186213,-0.02617577148511772,0.08365430883852101,0.04320573915152922,-0.03532173146758024,-0.08785536365995794,-0.08566298536815645,-0.062338227520444545,0.0258041306451294,0.031763021980212865,0.011852134322922404,-0.06297237629936753,-0.017746159803771117,-0.055413894592491304,-0.1171920215835448,-0.03087409310663565
354.0,-0.036338883362532874,0.008791957562627668,0.08932218762441183,0.028112639478336466,-0.01771808434086792,-0.06675381680497967,-0.08378890647203062,-0.0365332480824116,0.04045045415814485,0.10278972934391918,0.0726403839853264,-0.06608352391423464,-0.04478729739244334,-0.076991231984166,-0.07802653201792643,-0.00831309826224114
355.0,-0.011330947709143509,0.05120492737851724,0.09403168554595483,0.009915201498205012,0.005206528995774135,-0.04482818311125635,-0.054416254131374166,-0.00225732153452505,0.030164436690165008,0.1436277825889222,0.12249980508930934,-0.06035873175121652,-0.06124895295856274,-0.07963821065842584,-0.023521972297017666,0.022615493149617114
356.0,0.005961332427337566,0.08753719530247982,0.0956931692266037,-0.005999480666876307,0.026174564511311726,-0.020591242452714015,-0.010505988094847733,0.033093870773802415,0.00044100143189723315,0.14936302621144226,0.1548717155685394,-0.04807341212788501,-0.06330012254769042,-0.06361575699741888,0.03319150874014089,0.05539803021723093
357.0,0.00942152170110358,0.10402010895142062,0.09204941230035693,-0.0174044391287498,0.038085175651302594,0.003804460906914057,0.028518967786602897,0.05854245240217383,-0.03679210377996244,0.12623339645790602,0.17012896606389571,-0.03517978123675486,-0.05215561883967122,-0.036527788572399314,0.07854650555487501,0.08160108285169712
358.0,-0.002775898273808867,0.09267219104347003,0.08108892581425702,-0.02464807188157587,0.0364597886562332,0.023410193892434546,0.04550895798785998,0.06405555418022896,-0.06750309745607919,0.08792180326121263,0.17262918176156247,-0.028086066135978607,-0.03334664722764975,-0.009154753091550893,0.10281376058981276,0.09411214982350281
359.0,-0.025743702576863387,0.05511170727590005,0.061257640968084816,-0.029112454409573517,0.021139130872981915,0.03355401130289161,0.03280874438100291,0.04593034032216332,-0.0804378346097345,0.04994190464116601,0.16711711388793518,-0.029886058886183273,-0.013805863390090736,0.009571121507381434,0.10327679364384311,0.09027093710124942
360.0,-0.04899477490652387,0.0023297015362170838,0.031852992382531996,-0.03249400071424654,-0.003974621253654352,0.03227072480821646,-0.005110849673761895,0.009545716421132052,-0.07102264977386041,0.024629849208367444,0.15668954456104459,-0.03858476052328269,0.001141888596409603,0.015290223427713683,0.0844690734784626,0.07278961870933627
361.0,-0.061281709942802985,-0.049209350225943235,-0.005905264152448335,-0.036578797844036164,-0.0326729026614622,0.021098360492660426,-0.053936988159891314,-0.03236031553033626,-0.04292589099361835,0.018128077650313323,0.14266052544553331,-0.04809389895861252,0.009515398387848992,0.008229366920259815,0.05522054768796514,0.04788244468847148
362.0,-0.056043251095525146,-0.08387576458486236,-0.04743059675743622,-0.04222762432974021,-0.058225289823358575,0.004587503134267436,-0.09595477827667291,-0.06483994179077983,-0.00651955894501991,0.029584061496451382,0.12571858194101082,-0.051080552443575636,0.012907307971255765,-0.007882067625923733,0.02436804513015109,0.021940322783436533
363.0,-0.034034564927235014,-0.09325204200958473,-0.08447800834376198,-0.047923621893505054,-0.07460086768423538,-0.011178578222787505,-0.11824287542468156,-0.07657288526046349,0.02541332944915341,0.05261312291636031,0.1076378218110483,-0.042262829590832135,0.015187805730627316,-0.026918142614892573,-0.002408388514558138,-0.0011797478610344786
364.0,-0.0020586865809234453,-0.0795956204326865,-0.1075417649202912,-0.04979449474887678,-0.0776255839583524,-0.020741374522356405,-0.1183190189133957,-0.06395652524437077,0.042773777747074304,0.07876032623211315,0.09249894210660406,-0.02095334817879505,0.020059818359975622,-0.042026176722340956,-0.0231693234049599,-0.0208275383425715
365.0,0.030568135904330336,-0.05472760968137681,-0.11023314625435979,-0.04386120781744267,-0.06631367883817374,-0.021113184914014215,-0.10411127837359659,-0.03199374245796197,0.04138544204622085,0.1014252180950153,0.08624094898217038,0.008229782277116378,0.02869200433654725,-0.04813932463791923,-0.03818307462757076,-0.038082363315262505
366.0,0.05537068910091552,-0.03485438708930753,-0.0925660500565744,-0.028859366702913232,-0.04358836485255804,-0.012179126402383863,-0.0889669137357402,0.00831256934294761,0.023406670330271325,0.11825410284169327,0.09440313521570308,0.03720429572242616,0.03899680530364748,-0.043871443690675575,-0.0479789768040124,-0.05339943491600576
367.0,0.06684678411838274,-0.03346547920384624,-0.060822116603837836,-0.007488684298076383,-0.015480325626002543,0.004536290952257502,-0.0850151647466482,0.04466793975172999,-0.004088469483097878,0.1311803253711578,0.11941378539403029,0.05819194118955437,0.047348130480693584,-0.03144381352377545,-0.05224613098019981,-0.06526028906144138
368.0,0.06347405067265344,-0.05548521376904649,-0.024665319713846643,0.014532525225654142,0.010980734197856829,0.02774292399086784,-0.09811915446248543,0.06791144748341361,-0.03159591825431665,0.14444999206906167,0.1590557840244365,0.06737842231739147,0.051476474688438585,-0.015173154879043853,-0.049918713448129245,-0.0708599490981022
369.0,0.047494894837130854,-0.09530334450462709,0.006213484357258042,0.03081796929783238,0.029962576079583064,0.05726741367332469,-0.12595452157480475,0.07443850286126784,-0.05060072761278803,0.16144390754663968,0.20662800431764297,0.06649244714079994,0.05190621784953646,0.0002291725848067317,-0.04019431517532137,-0.0681649018290773
370.0,0.023632543235889352,-0.13907168096840308,0.024547352083251067,0.03673507726943435,0.03806311511834929,0.09318551667430443,-0.1590545897444078,0.06612486721325078,-0.05668903227953333,0.18180135482423815,0.25231434732525604,0.06166546815553893,0.050895984586035115,0.010803103123957882,-0.02371870900784408,-0.05761054050011974
371.0,-0.0023246627349593056,-0.16992781110009653,0.02698237100145078,0.030769436384184962,0.034592633449817854,0.1342267664497287,-0.18425062808273412,0.04826963127911197,-0.050366602758548804,0.20069335357147103,0.28508525154078934,0.06047242688397968,0.050344244578783295,0.01368471223831,-0.003049324390620853,-0.042141034395270505
372.0,-0.024590647201247564,-0.17441277393191754,0.014580147019992207,0.014561842825138751,0.021583946495822844,0.17682966347492896,-0.18995039267799424,0.026912495134789768,-0.035264382566373396,0.21075033302300195,0.2946758404257611,0.06869367988855982,0.05029073273353341,0.007109408346279082,0.01802238650876141,-0.025724619882287234
373.0,-0.03877740879942252,-0.14804776576730866,-0.007998388074695677,-0.007933897535091668,0.0035832710262965043,0.21512462865695042,-0.17155519879443257,0.006828844709459337,-0.01540135190883547,0.20532909269261604,0.27372791110071903,0.08771073956643981,0.048468007247443275,-0.009149877595727824,0.035816677705096424,-0.011593085279483405
374.0,-0.043901938520826286,-0.09762801056371978,-0.03451576134074209,-0.03172241703120883,-0.013475427181862181,0.24160327668677978,-0.13397251481536668,-0.009413717087396906,0.006572968578102429,0.1815288423430819,0.22025571719073797,0.1131004667992145,0.041006184668947766,-0.033030916518829806,0.04771228327847699,-0.0012954439344455007
375.0,-0.04350199103066097,-0.03862795914955808,-0.059527549911443954,-0.05225479648712679,-0.024464919026776073,0.2485766021419461,-0.08916126202565963,-0.021534441748512764,0.029206317797214866,0.14190924415690714,0.13934675715627476,0.13546058356540977,0.02426720855646706,-0.060069950775135675,0.05232374274885443,0.005269600125142592
376.0,-0.04398623126953079,0.01134186502756325,-0.07976391348250614,-0.06672240294543727,-0.02726937307484009,0.2304482144136261,-0.05006838003456169,-0.030941138871460376,0.05060434873948733,0.09396625520063093,0.042472029406671725,0.14385498133981905,-0.003019135657281808,-0.08447017580602988,0.049476831754278305,0.009104830345248897
377.0,-0.050559845796011776,0.039659361393279656,-0.09374215962380424,-0.07435590172765257,-0.02351365925742796,0.18633590176508802,-0.024826562379323104,-0.039574032307572574,0.06687685073491598,0.04708311582456056,-0.05540290690172832,0.13044987040405503,-0.03857627821467404,-0.10091834894209532,0.04021531018846259,0.011014315768173022
378.0,-0.06341909562954483,0.04284225236766212,-0.10037360719861779,-0.07538256048691266,-0.017252986667715874,0.12222524971443492,-0.014248737493132695,-0.0483353630890935,0.0723200129578817,0.008496558503555214,-0.13933380252911243,0.09420093838526701,-0.07689362556024973,-0.10606889129529601,0.026482856803092366,0.010943872285604164
379.0,-0.07694436632967125,0.026203172581152,-0.09816125504392118,-0.0696176177393602,-0.01261366956598885,0.05112038608567919,-0.013099850109500448,-0.05569795364776508,0.06196127774519089,-0.019031852043491084,-0.19769604373255928,0.04210081775257078,-0.11072529937599881,-0.09881515902527395,0.010360336919209241,0.008363430074816098
380.0,-0.08264447971956668,3.09102075795024e-05,-0.08592306147459053,-0.05619598174920168,-0.011967210571756946,-0.010372146279638454,-0.01379460975048914,-0.0577538136393448,0.03508946127093553,-0.036393708804207954,-0.2245763846472253,-0.012792242799031127,-0.13320906481649822,-0.07959941328550103,-0.006723659357993485,0.003171640234791105
381.0,-0.07414846487174376,-0.025235854083003374,-0.064492488128671,-0.03482026674952436,-0.015373315279937464,-0.04823733833233784,-0.010423165423983164,-0.050407573367028946,-0.0028755537807074252,-0.04526688538466793,-0.22001792881435359,-0.05628678179893565,-0.1399075298672734,-0.04997924291716497,-0.0240935093835469,-0.003931738509682176
382.0,-0.051145712462194175,-0.042529723510991935,-0.03766467357027827,-0.0074492695345594615,-0.021099248149966544,-0.05670764169405562,-0.0011233402864610882,-0.032518841279953,-0.041711216756257344,-0.04571341535312551,-0.18845827478381127,-0.07885261343914814,-0.13012134861965077,-0.013109211246390785,-0.040960090808584995,-0.011974763986142606
383.0,-0.01981959562517416,-0.049180717442209934,-0.011106116074045054,0.021143031839276794,-0.02673215279046118,-0.04017715073994701,0.012080253373922595,-0.00753055762910582,-0.07028525830514262,-0.03617338542743969,-0.1375662573008413,-0.07899817834575931,-0.10706814502087962,0.025867222610943416,-0.055476777431472835,-0.02050347954985202
384.0,0.010540499324691009,-0.04558199689367289,0.010154777959649884,0.04477036273206596,-0.030280763625717615,-0.010426947618547481,0.025375444656377096,0.017958298959599,-0.08087488605904948,-0.01577664439434823,-0.07800090082743687,-0.06223309572060544,-0.07655078636151094,0.06082113095526388,-0.06499616046313235,-0.02967507499089298
385.0,0.03265482138103447,-0.032965438082559424,0.023733839070555304,0.05835097313367627,-0.03072262966490854,0.01892351504746647,0.035758361153143174,0.037600156276036446,-0.07160487030197794,0.013131263641936456,-0.022089730498715935,-0.036823658554082296,-0.04424146409300203,0.08652646422745068,-0.06748082271462004,-0.039363570938763824
386.0,0.044581352954391036,-0.012413714794506125,0.030103094785779484,0.05975952789171665,-0.027899375214146496,0.03737770752189326,0.0424924979058498,0.047867222372933484,-0.04621356125130946,0.04423373327890694,0.019219362551409314,-0.00979724797197711,-0.013174955153741959,0.0998540555346678,-0.06268773103097218,-0.0480437253866876
387.0,0.04891539390957547,0.013998101459214367,0.031214311262069926,0.05010641958293052,-0.02216623484052643,0.039799183410740915,0.04623919809497104,0.0481700663378554,-0.012076691951835012,0.06836819312151565,0.03890480104935224,0.014376504665750228,0.016456407717192884,0.09975613158361958,-0.05207499033149461,-0.052746669605402405
388.0,0.04906959523945885,0.04130591609380018,0.028580768059535588,0.03263835553263477,-0.014292837051896493,0.025987185880965227,0.046434420292157205,0.03949353852701501,0.02243435294510229,0.07590996978206421,0.03425780795852136,0.03296885239630664,0.04503685669437501,0.08663987490664185,-0.03758579824019247,-0.050550859690075375
389.0,0.04622387707250211,0.06130836920291346,0.02210490870294901,0.01084152545698699,-0.005633785597120219,-0.001150522118751001,0.039541185831970624,0.023216312514687074,0.050671842927716475,0.060205590665206275,0.0061913172848161915,0.04383248887434963,0.0708105160886859,0.0617971833987134,-0.02034138587349662,-0.04040923377172667
390.0,0.03910425619440217,0.06505553234582159,0.010536034202356446,-0.013059560449449573,0.0020361402141339793,-0.037671505777981666,0.020438844644348562,0.0005960725546038023,0.06955262630659574,0.02090898524147088,-0.04120267941563385,0.04472977493335374,0.088900523301494,0.027433427435290782,-0.00034035736368325024,-0.02376285838024553
391.0,0.0257695224423351,0.04735659011200968,-0.006804454122953723,-0.03772034120038506,0.007499192895737972,-0.08034921724984782,-0.013664630729319158,-0.0270908919319132,0.07928863310779696,-0.03541651839343882,-0.10160191208802007,0.033532972538661165,0.09304285553544839,-0.012370750538334148,0.0226494241297652,-0.0037971407501546264
392.0,0.005554247247492696,0.010459312962557981,-0.02828193907966245,-0.06054222759184299,0.011277410361021022,-0.12745910267453545,-0.05968488560698085,-0.05748869520098327,0.08115806785656542,-0.09881353664141312,-0.16872909097622485,0.00975141569132224,0.07931828195150507,-0.0504118341499987,0.04787493981751397,0.015682226291909594
393.0,-0.01996031926308453,-0.03595601746921399,-0.04937482963581056,-0.07620637319633589,0.01568023345010772,-0.1778887392212777,-0.10795196019609428,-0.08581341089671014,0.07531683144087829,-0.16124375870364585,-0.23829718383387002,-0.023499603391237644,0.04940713777826879,-0.07665628739345748,0.07296233509465047,0.03101764399586967
394.0,-0.04727901775803226,-0.07867171135866202,-0.06393201504671595,-0.0781556145967078,0.02316265674151869,-0.22908127787613586,-0.14483125955306084,-0.10506362384931492,0.060543325207220215,-0.21937340245356793,-0.3071561591945726,-0.05917682568630392,0.010940714231285158,-0.08145224736848597,0.09408266872758142,0.03919275727165592
395.0,-0.07211707402659824,-0.10615301253876312,-0.06678146160725051,-0.06227046289506464,0.03415283708721006,-0.2755253137853721,-0.15750196872998104,-0.10843341228337255,0.036037511918356975,-0.2726634968995618,-0.3698567255886576,-0.08839489344926532,-0.02502871983342201,-0.060409880049844225,0.10697411901920686,0.03861145971321687
396.0,-0.09029437025861416,-0.11224777775206733,-0.05595645856715119,-0.029458595443834938,0.04632899705100763,-0.30906030172588506,-0.1386526411572745,-0.09198479874458383,0.0038847625141900264,-0.3190068410215887,-0.41612794090549715,-0.10349984002217047,-0.04748076458343951,-0.017339916179043208,0.1088065806822857,0.030272051882721314
397.0,-0.09815101926742463,-0.0971757551329124,-0.033078860261286806,0.014818295978727282,0.05606660384504295,-0.32111768241327343,-0.08882431355449227,-0.05566923244366911,-0.029705271377661324,-0.3525185625597733,-0.4329469015247117,-0.10043542009792,-0.048399072465358496,0.037228270167790276,0.09979757208438965,0.018260938895749063
398.0,-0.09316685117780088,-0.0662541361813215,-0.002283468138553218,0.06274382360638588,0.060726454846246475,-0.3062645356213143,-0.015974277787892538,-0.003342029314078927,-0.055719669238795594,-0.36585027986209767,-0.41100657826633863,-0.07993803500067916,-0.025104402637578103,0.09055666739516242,0.08293016961614193,0.008280981012969979
399.0,-0.07517834188447502,-0.02765079156445748,0.030787263893482346,0.10593890388097955,0.05986335227812889,-0.2654553274010283,0.06629393697487729,0.05685229379350106,-0.06597474256440913,-0.35498717787057427,-0.3509040349214564,-0.047749786502935175,0.01813424267534585,0.131730710240231,0.06177166726412893,0.004606970616240484
400.0,-0.0476220537108107,0.009657102625071922,0.059598364933372186,0.13653511409500563,0.05458453786171519,-0.2064772695863084,0.14098979185972435,0.11253115145630821,-0.05703198249267208,-0.3226467239181337,-0.26414154952134206,-0.013447733130896235,0.07001076879029156,0.15341959938592628,0.03845919514626927,0.0075509596235303926
401.0,-0.017417310173279455,0.037583749091167545,0.07814296272283591,0.1483593252425137,0.04597511124811141,-0.14064099221901316,0.19122081850252326,0.14959374840106165,-0.031939252955549884,-0.2781320537615735,-0.1683060322698807,0.01271198234299287,0.1148523120164294,0.1522483874059171,0.01373230384408487,0.013324403361695852
402.0,0.00744887358205581,0.05064868553657547,0.08329361788877077,0.1384565584639745,0.03422959331741787,-0.0785968993647859,0.205032498765652,0.15705156792351743,0.0011083565775684395,-0.2340490175937121,-0.08026710849273652,0.023910323509033046,0.13815869558787974,0.12896113232322926,-0.011350702342365111,0.016463504460018357
403.0,0.021333402187226555,0.04716767976961293,0.07616843784321645,0.10807825371554855,0.01899818100973685,-0.028922197414829754,0.17960344177005327,0.13121758600198588,0.03198192020021043,-0.20164480797174125,-0.012024798264495342,0.01921734282044426,0.13245707332889536,0.08800456938690802,-0.03406151776312116,0.013099072218178812
404.0,0.0228256319672875,0.029088587077858854,0.06108039930059483,0.06214547043580358,9.286729245490284e-05,0.0012371363362819294,0.12242419247798407,0.07668780851694221,0.05192158054572164,-0.18650919726459803,0.029630750655884545,0.0028215525236831656,0.09972831440103802,0.03584196648425961,-0.05043314934471422,0.0028809726693966573
405.0,0.014440497507959735,0.0009235307415570433,0.043010308441782746,0.007483474301202981,-0.02190311849456452,0.007383173476178971,0.04894701422032966,0.004481883869049906,0.056118391914529726,-0.18592236487879898,0.04245397869414418,-0.018770153121537052,0.049181633795574255,-0.021180069539532068,-0.05690025752315156,-0.011174627237454913
406.0,0.0013527365380273386,-0.030907837737776424,0.025475117503625588,-0.04885772879819456,-0.044826996663724555,-0.008589492977272553,-0.021997123252970447,-0.07061281358721189,0.04525734724507902,-0.18925243321706275,0.02942972401121234,-0.03921319783776379,-0.007167303788708752,-0.07781001232168591,-0.05162551044799638,-0.024195184923302596
407.0,-0.01006542812169588,-0.05801493835390154,0.009689405281241771,-0.1004310215660092,-0.06436753478113992,-0.0365262971460082,-0.07326133486030463,-0.13267869938875756,0.025292850102075947,-0.18238670755908568,-0.000525994564508192,-0.053584471823295635,-0.058012669886725855,-0.1292388393248791,-0.03494990572081008,-0.03146744207366995
408.0,-0.014060428532696416,-0.07082266961698747,-0.004809327005816416,-0.14150944993479275,-0.07484020861289992,-0.061496264449112194,-0.09373915103157454,-0.16807879899555977,0.005104336495611262,-0.1545787662033754,-0.03407373125338835,-0.05918016926275665,-0.09461613533091487,-0.16985803585027104,-0.009371233233871422,-0.030203679744371662
409.0,-0.0075304520584816795,-0.06189443500915847,-0.018407894322043046,-0.16701175235833915,-0.07135980699676034,-0.07044150511772371,-0.08132937548580566,-0.16961541080048154,-0.007038159603085531,-0.10348809696809581,-0.05678627633768714,-0.05629023492009981,-0.11188137395771935,-0.19296189559133373,0.02096289915814625,-0.020267043999616454
410.0,0.008586487746099563,-0.03052904618499305,-0.030056728366069423,-0.1729730880763692,-0.052164641114178074,-0.05716748433668627,-0.04361148098899368,-0.13935834671260136,-0.006552249102533291,-0.03530645942185694,-0.05668986084294867,-0.048089191343847607,-0.1089765226685994,-0.19226367609996434,0.051523480473456756,-0.0036824899443509283
411.0,0.029572483549538748,0.0151959846493312,-0.03780032339877148,-0.15789594453098235,-0.019935824088493693,-0.023345912900726015,0.004548178342649629,-0.08794180598198852,0.006161740956149266,0.03911871424631992,-0.027364025695118345,-0.03887516794758556,-0.08918374850640877,-0.1648630568297518,0.07871837276383925,0.01635648837741912
412.0,0.04907293952362964,0.06121075526810748,-0.04070102358868232,-0.12424552204912578,0.018378409103361873,0.023513432343803445,0.046135555966584856,-0.0303479558020426,0.02658860623977537,0.108845034322088,0.029790562084676633,-0.03146883377448543,-0.05886289118051261,-0.11412213767914432,0.1001029093568596,0.03631995963745075
413.0,0.062183474233102456,0.093705604847644,-0.04013040873724593,-0.07879505328863383,0.053433901810584154,0.07336695939079245,0.06843761424567947,0.019517960579595508,0.04852608986305853,0.16594614594507393,0.10519269965877853,-0.025528345878203573,-0.025491068653832702,-0.05031299724984418,0.1136439150632429,0.05306986977610884
414.0,0.06786945432981688,0.10525758968923499,-0.0389500487032733,-0.030924634694697483,0.07669623513632672,0.11711162680672675,0.06843002872119383,0.052749825033017624,0.06692196931082223,0.20717905258692962,0.18361320097463774,-0.017798257069672217,0.005019959001554557,0.012214368920375675,0.11732162771626947,0.06440458742725477
415.0,0.06927946963859104,0.09730963416365487,-0.039194658367918266,0.010661605292510862,0.08346290566090674,0.14911102720642516,0.0541148764599367,0.066725505499355,0.07967384815413993,0.23434769314535975,0.24916815588418584,-0.004024570112698116,0.03042088148757899,0.06014848399058751,0.10962461709585253,0.06886635701678159
416.0,0.07150591940633882,0.07780350848423792,-0.040472187156264,0.04069670277598768,0.07385831894831424,0.16774713041270378,0.040109473960309346,0.06428989921741729,0.08735958133528582,0.25282996769300964,0.29064815956499446,0.018516334391178852,0.051789307489725864,0.08569807353790193,0.09040155724231287,0.06517127883354516
417.0,0.07788896603171588,0.05588231107454178,-0.040523915195094774,0.05779015149277029,0.051550160720418604,0.17417629787046296,0.039181940664241625,0.05155143629275235,0.09148325901244642,0.2686732835898958,0.3046428135260637,0.04909318574283424,0.07059110146776451,0.08839023692449441,0.061489425242482035,0.052451022443679274
418.0,0.08704084027402607,0.03719196522891708,-0.0372410794858322,0.0629739958189654,0.021683504917981357,0.17059693917305274,0.0546111427991694,0.03478332057659648,0.09284449296054849,0.2857662183315609,0.2949678831900966,0.08303027224480129,0.08561300724271267,0.07391626308061952,0.026701248404392735,0.031390487520126215
419.0,0.09251641645288729,0.022447520045638426,-0.030327929477846058,0.05794151683913767,-0.010674292936862857,0.15943870711044164,0.07835539217820041,0.0175831967112964,0.09102999515909994,0.3040982161176607,0.26892140344299753,0.11288571023202648,0.09259422863928918,0.05056095342554994,-0.0091450858754993,0.005064232440626583
420.0,0.08571026017652374,0.00923520790176536,-0.02152329047617862,0.043977728932576995,-0.04138423282039499,0.14350150207574475,0.09603025855718969,-0.00013832802409964836,0.08519521941016918,0.3195433029104197,0.23309881153685044,0.13085382209274074,0.08671324950592457,0.02470922313629161,-0.04169411395492213,-0.021453938368941355
421.0,0.06081527137502884,-0.005066117982040528,-0.013624643233832189,0.021980533490926258,-0.06746337717876527,0.125682815136688,0.09478001775800708,-0.020819354088178504,0.07560644385276756,0.32552253969419237,0.19161007932735097,0.13132604246408475,0.06559631019946521,-0.0017196432944765227,-0.06790002200405627,-0.04254909747072049
422.0,0.019245859936397224,-0.021134834359276565,-0.009058380039859417,-0.006481491485083808,-0.08672058013700962,0.1080972422491536,0.06895404097986522,-0.04664832003264817,0.06456112984856537,0.31600552084464817,0.14696364525308248,0.11262724059357283,0.030804190357857194,-0.029933499986122616,-0.08582448842191108,-0.05378726874037971
423.0,-0.02921989692062563,-0.03715641283034342,-0.008572436994782455,-0.037747924211208275,-0.09714815160725189,0.09189477021911452,0.021466646946448842,-0.0773173901532742,0.055411702580309204,0.2880725390949496,0.10158239668503376,0.07759201632335885,-0.012304643521176713,-0.060164473988318534,-0.0940992606884834,-0.05324245358498648
424.0,-0.06961680436790287,-0.049992864513968296,-0.010480247537927775,-0.06516056311571705,-0.09656733122453033,0.07811686163733876,-0.03804204115918215,-0.1089884044220305,0.05014937022632306,0.24246147702656173,0.058136427263817195,0.03311056469354342,-0.05544424092140278,-0.08787238904246394,-0.09185185081112855,-0.042000317643970185
425.0,-0.08781971543987527,-0.05695353646028814,-0.010923519739521674,-0.079740727461775,-0.08296720860345258,0.06852161731123192,-0.09646552109764994,-0.13484274268016172,0.04762519669006833,0.182439381763992,0.01873673367671217,-0.011254683446082563,-0.0889402341004594,-0.10323734270357937,-0.079102188901691,-0.023607793863732105
426.0,-0.07648560524204828,-0.05634474482546468,-0.005537327786710975,-0.07335515191995945,-0.05592559945200008,0.0651796286923049,-0.14095976709192973,-0.14754481843043582,0.04396196664938589,0.11287220928052173,-0.015652159715708,-0.04565722127464414,-0.10470951199238125,-0.09548176214721282,-0.0571463776497184,-0.0028218193851256112
427.0,-0.03810496611361475,-0.04675833606095509,0.008061276558371187,-0.04323331847878689,-0.01855838748795669,0.0687059176477813,-0.16228339368800504,-0.14261496182018307,0.03490116280541767,0.04051274119691802,-0.04454942394895549,-0.06296222435961887,-0.10002755028753654,-0.05998884476555701,-0.028582172905910315,0.015775756748230934
428.0,0.016115273972552416,-0.02705524875544906,0.028592457543026924,0.005245606307105377,0.021893671003737018,0.07672961598044807,-0.156660650564274,-0.120321549780387,0.01856800440958252,-0.025539804978477368,-0.06629715347023524,-0.0612519741016018,-0.07932478939121476,-0.002913999828089363,0.002939659472054843,0.028996202797113693
429.0,0.07043768949747278,0.0019622329678911634,0.05132742226257986,0.05953705731295971,0.05608167400213381,0.0844767566753308,-0.12598012157804678,-0.08514314944024086,-0.003365738169092974,-0.07497448127947154,-0.07711853987811387,-0.04474828162385521,-0.05228096733961688,0.06049082822213459,0.032789923217175124,0.03563994424372022
430.0,0.10950235921082908,0.03570916108149582,0.06975949212778146,0.10426311154614046,0.0760412157414715,0.08718088557584912,-0.07702731613259135,-0.044166195948856596,-0.027269737180317433,-0.09955611013643878,-0.07299052157441953,-0.022438712564674754,-0.029534949746191176,0.11250611070921386,0.05523471754766951,0.03601392785572329
431.0,0.12251066243845202,0.06608306282451655,0.07766214669523104,0.1269270435984195,0.07791476848234842,0.08199298312236533,-0.019858354836194206,-0.0054820888005487735,-0.050477821840429364,-0.09715389266216415,-0.053807217249909764,-0.004530854047314993,-0.01837532492238928,0.14009282962754216,0.06410804204114509,0.030736631383064643
432.0,0.10622933251313363,0.0843623922021034,0.07098058147859054,0.12261637108051149,0.062826122254392,0.06805083501208632,0.034965066466997125,0.023819740191817002,-0.07278455240399401,-0.07379953225556707,-0.025845327769926547,0.0017452978265508979,-0.02005789634896142,0.13924309604226903,0.055093964834832136,0.019900915756850504
433.0,0.06610411025453315,0.0850412252693869,0.04934542917354454,0.09582587811857753,0.03638102497814062,0.04601882468022162,0.07945647198781584,0.04008496117909187,-0.09556605887553572,-0.04163260517732338,0.0006985817418159628,-0.0050362844783845085,-0.02979677766510903,0.11568458926156135,0.028649228132539048,0.0034234950363997295
434.0,0.014684368925114473,0.06827956708075845,0.016731901833146934,0.05869036848947905,0.007282277132846478,0.01844239037893284,0.10998059265689475,0.04462939246681763,-0.11974145878505625,-0.013453760367337095,0.01752851913084764,-0.020226416714825217,-0.03958080965795681,0.08218923608092639,-0.008690949026155572,-0.017556572678330818
435.0,-0.032547417049135,0.03982541792321894,-0.019132125793137614,0.026134235952598932,-0.015243447617881363,-0.00998654449642642,0.12696235543767065,0.04305677229800513,-0.14401690974525727,0.0024399834347943535,0.022490971946450423,-0.035511256585216054,-0.04255086706487461,0.05310635628903736,-0.04621148890608047,-0.03954057407342952
436.0,-0.06264462991820621,0.008964168397030427,-0.048697577321405616,0.009483958583070074,-0.025038284242184405,-0.03355355059108092,0.13331314600105168,0.042250134743715875,-0.16432573111529486,0.0039873330927995354,0.018937470596133918,-0.043120426399794604,-0.036760781013882964,0.03786022530683255,-0.07354719545195475,-0.05744781658076459
437.0,-0.06978518309576452,-0.01429616042567546,-0.06377016529724772,0.011152359214404965,-0.022000657955504033,-0.04770525626985679,0.13292513091515362,0.04644277714070132,-0.17502121221911857,-0.00618706710518113,0.011600205432219415,-0.03988764335821021,-0.026347888230843185,0.036543083814471675,-0.08537944655064272,-0.06734084718060127
438.0,-0.056899928535239674,-0.021925188446297098,-0.060814393716330566,0.023746652177052317,-0.012346059764127264,-0.05085940332286031,0.12975296555738408,0.055040949602791656,-0.17171714751241582,-0.02354568128784039,0.0031116695027705856,-0.02881626853038268,-0.01917968075306038,0.04061948882143615,-0.08377121062812433,-0.06881719913466475
439.0,-0.03355552333670705,-0.009862541174088668,-0.04224146440978582,0.03520696201965929,-0.005249128991959283,-0.04486640117133801,0.12715201703605858,0.06420428091649762,-0.1546192372640722,-0.04411611554290028,-0.00640847425019329,-0.017001494150561625,-0.02182440516499768,0.039043423983143505,-0.07697653747022011,-0.06476143762711936
440.0,-0.011198232263921868,0.020833489134599266,-0.014642581648977996,0.03684850036907286,-0.007490741713484584,-0.034614435417177604,0.12723660738597442,0.07106540603243716,-0.1303219469674011,-0.06606094156822637,-0.017841230734716728,-0.011352892648697745,-0.0348143870130222,0.025990494105841675,-0.07512103593144202,-0.058719503275168436
441.0,0.0016493494402996475,0.06367103903026418,0.014911767709553336,0.028421835223423626,-0.019559533622779495,-0.027454244773429122,0.1304929031720387,0.07688555799226761,-0.11023305759206989,-0.08993140874896015,-0.032020979717987175,-0.0150757420184452,-0.0513856293422932,0.004798409974077058,-0.08466707931387896,-0.05240310615348947
442.0,0.0019420224161248772,0.10813676886719269,0.04237249608056538,0.017282359725366774,-0.03554780083232965,-0.03137792398548308,0.1360243382060953,0.08635869731312955,-0.10562141508932989,-0.11728595380275339,-0.04975051613820124,-0.026594841130653114,-0.06044749771248751,-0.014082604909314208,-0.10481614263886412,-0.045372564634635834
443.0,-0.007806340469324416,0.14352190634740003,0.06792057849158949,0.013515934379177908,-0.04636082331557692,-0.05089801658060851,0.14242080153062725,0.10375155411981257,-0.12163051334068568,-0.14798187092333898,-0.0715549152466191,-0.040651377361748384,-0.052128885294788464,-0.01879323070063486,-0.1283044628564993,-0.03651042483146914
444.0,-0.020753706099384654,0.16351094381887732,0.093950525202138,0.024496985156704003,-0.04413855675634292,-0.08284335646318852,0.1488386145224892,0.12914210798113707,-0.15339180767932842,-0.17747375520445907,-0.09610252784846451,-0.05083923187796612,-0.023221934477499477,-0.0018023730044964357,-0.1458395168475546,-0.025363101755090676
445.0,-0.027866904222264323,0.1685439490454057,0.12132503863494401,0.051294971393703946,-0.02580854607936862,-0.11612280577005449,0.1558115655415907,0.15749203962411118,-0.1863959358817395,-0.1961654890677738,-0.1181572318463846,-0.05282461122936433,0.020257378609355718,0.03647970137935586,-0.15083392203691823,-0.0123412011973067
446.0,-0.0212872854981304,0.164576577491294,0.1469462865112134,0.08788197770460689,0.005609350430925463,-0.13658011785190122,0.1651194890164506,0.18073715315809843,-0.20149864277310597,-0.19232989913518014,-0.12837408772602651,-0.046744226307797496,0.06491341783347991,0.08709887018035581,-0.1416933738555233,0.0016078544729391214
447.0,0.002019046923549416,0.15948657345487569,0.16468356572497017,0.12324724375814215,0.04243152569363931,-0.13384270586561606,0.17841326721547296,0.1913663046401792,-0.1827179770958347,-0.1580020360511469,-0.11646501050259153,-0.03693530203988465,0.09544341056822951,0.1354885418606084,-0.12116680080079377,0.015302841631445865
448.0,0.038636038307831626,0.15934466155609844,0.16912108202050363,0.1458762745461395,0.07586589314741278,-0.10608980017986613,0.19565169273871671,0.1859638210595751,-0.12428407403240928,-0.09484680260701833,-0.07670889200718999,-0.028710117136528147,0.10124396595281056,0.1674473219014717,-0.09406573631298087,0.028008085528872458
449.0,0.08032581383032628,0.16580731901022358,0.1592422640152577,0.14873964676584975,0.09973713393817445,-0.06078550379734285,0.21451221582371383,0.16728401883647778,-0.03362590373525831,-0.016159636318098,-0.01248797994824773,-0.02454596798617787,0.08110864012791293,0.17538962247045542,-0.06524505597916928,0.04032167706800601
450.0,0.11758739703178464,0.17517445894076386,0.1390848873345349,0.13209117898915113,0.11207570987261493,-0.01168103754833718,0.23052336355993497,0.1433455225216974,0.07082480030841753,0.0571755018800519,0.06347024143149202,-0.022841813202984004,0.04350645104563006,0.16108386083062753,-0.03884163284871833,0.053892723703207766
451.0,0.14264331012005468,0.17975479194217325,0.1151422078269649,0.10253246157009399,0.11397555774796232,0.026334428139712568,0.23747510937252175,0.12339108337853247,0.1654785025056879,0.10534336872861079,0.13366986013341445,-0.020050342737327243,0.0021423347957896257,0.13327865139266237,-0.01842064221020909,0.06948397869980763
452.0,0.1505147272940805,0.1710790896903805,0.09280399305367679,0.0689370405519826,0.10714697746085408,0.041971131027415384,0.22840076166920367,0.11286203152869309,0.22862376034850262,0.11850021759295751,0.18267675959572188,-0.014127997362622711,-0.030537631683101214,0.10190669613264976,-0.007124911052672815,0.08508269137595716
453.0,0.13888589579849758,0.14306636134001424,0.0739832432201063,0.03760222665108362,0.09208954547725313,0.0299053835538766,0.19718335117910893,0.11040124674726086,0.24700283136607515,0.10148151151058105,0.20281656588804306,-0.006458895104738329,-0.04822525811849409,0.0725003749404599,-0.007081128648158311,0.09598698034208639
454.0,0.10826294183658866,0.09436271962961931,0.05686788110996805,0.009853351967692842,0.068142878140704,-0.00859060616007485,0.14088476634532432,0.10885311356653948,0.22005184586231907,0.07154845284497152,0.1959994442559471,-0.0006585791404719533,-0.05151166751371021,0.0444334666220996,-0.018093310371674987,0.09679906936898985
455.0,0.062635052179633,0.030470216142090882,0.03797853630497313,-0.01613226526313358,0.035363830270996245,-0.06536513140519293,0.06321627695724705,0.10000435309581727,0.15911497266192426,0.04910953021423507,0.17048735585576466,0.0008835438055647032,-0.04432073011277133,0.014171118591311982,-0.036844657557509125,0.08378943396324473
456.0,0.009281209656328745,-0.03547298093108736,0.015525264798559627,-0.04116412800177853,-0.003356029836613953,-0.12609844973224815,-0.022650368028227386,0.07986281395693429,0.08153358017497674,0.046375205030085555,0.13501224234233028,-0.00036267887342201853,-0.02918127895496191,-0.019359061408673314,-0.0578585178325369,0.056352859937570596
457.0,-0.0428344619773429,-0.08580789118405162,-0.008198124164002398,-0.062467235124733594,-0.04183453483228536,-0.1734195645330573,-0.09615457405815679,0.050443784516624075,0.003883464144506552,0.062061766070236425,0.09523767379280766,0.00023803017496224358,-0.005795526345166616,-0.05215773025822522,-0.07565232072802897,0.017257486930397678
458.0,-0.08483578763602873,-0.10509687188032775,-0.02713701005295046,-0.07458336187272566,-0.07221556830140301,-0.19205553497265584,-0.13748822051389303,0.017661395196037776,-0.06145714242948285,0.0853028455493086,0.0545663545550974,0.007392169674468944,0.026307890809186652,-0.077285081001549,-0.08627626208267627,-0.02778874712917608
459.0,-0.10927471426796678,-0.0866358216297618,-0.034533245577809936,-0.07265014099212855,-0.08767285891676672,-0.17400695867375862,-0.13675041518986214,-0.011527797695586942,-0.10647489049752591,0.10380741429944548,0.016236131410499156,0.02338611609412797,0.06453732300608775,-0.08929863341481202,-0.0874995499490058,-0.07085714458352263
460.0,-0.11204328681152857,-0.03503319049361953,-0.02730700783542368,-0.056152916132775746,-0.08516429090369303,-0.12182350119711627,-0.09773144288784989,-0.030976629423014854,-0.12697191247694958,0.10956864899649314,-0.016668140679429542,0.04750301245656719,0.10273955164362497,-0.08760771555672826,-0.07841325584844283,-0.10326899324120152
461.0,-0.09469653915762931,0.03565424338027735,-0.009153375911997719,-0.03113912054800683,-0.06722149058194342,-0.04884764719803589,-0.035080445844798795,-0.037159290560971205,-0.12263172211250123,0.09973334220914597,-0.04296112815203147,0.07623531335813845,0.133298121607812,-0.07705721174136791,-0.05944431726699919,-0.11807219976264707
462.0,-0.06485440955594148,0.10611565999739113,0.010268714097579769,-0.008812760568172115,-0.041458774906763446,0.024294404741746177,0.03150141883916727,-0.031119909350979528,-0.09715360809748744,0.0747572491431531,-0.06405673847774133,0.10342123549457052,0.14944008066173797,-0.06566971447944557,-0.032843736955827554,-0.11247863610765585
463.0,-0.03327458248241498,0.15638352850955367,0.02015548229846412,-0.00022533943140156946,-0.017306170541910137,0.07685226834005,0.08267877358769642,-0.018741147475976903,-0.057647144903859894,0.03730175103084278,-0.08191848530369714,0.1212343888661335,0.14651881249328189,-0.06065592773512272,-0.002505757285249804,-0.08887070249051943
464.0,-0.009214673613605806,0.17039212011491056,0.014343492300838145,-0.009993740086318946,-0.0015546502075627724,0.09661724927823027,0.10383876250774948,-0.008326639263956517,-0.012948254032913782,-0.0070518190456901,-0.09576707978812671,0.12302540858001257,0.12295221486855222,-0.06465784107883306,0.02754383587227051,-0.05393206070265019
465.0,0.0029383007009956413,0.1401154320208238,-0.0059517054986844235,-0.0335459761009014,0.004342826373795067,0.08565194507850665,0.08817007722230288,-0.007150509422657376,0.029161557637025378,-0.04914056669590123,-0.10061214105555467,0.10673356700171352,0.08130766748965865,-0.07453393694239238,0.05460795785269769,-0.016381443649853163
466.0,0.003938492273506417,0.0680020267624472,-0.03422797099437894,-0.06012524751728209,0.0034507030262522285,0.05850013257231593,0.0374373720929757,-0.019426818082075827,0.06478550262603543,-0.07770966866592609,-0.08897452892568841,0.07599740828097054,0.028747448488141765,-0.08391584939474896,0.0770946863678979,0.01583315758542567
467.0,-0.0027576401195638163,-0.03348078137567982,-0.0632311716390696,-0.07915809337068973,0.00017556676787180235,0.032740408651339314,-0.03943943179749908,-0.04607612019036414,0.09447842436657833,-0.08373620865321744,-0.055155020312824966,0.03785416249175182,-0.024379762577488348,-0.08783824675590989,0.09318309034972065,0.037863321618700985
468.0,-0.013900534328165372,-0.14515925844322083,-0.08779966589752003,-0.08519904794080563,-0.002485039960684045,0.01832919569276988,-0.12841789042690302,-0.08475566068319518,0.12025863836357562,-0.06649951880872097,-0.0007796540376340819,-0.0007672063321674361,-0.0678256005868027,-0.085766891113738,0.10033436866375786,0.04881183351049601
469.0,-0.02763360141714045,-0.24582928388610825,-0.10469275577541004,-0.07865044228669281,-0.0037048579692771483,0.013634982138783119,-0.21224325507940292,-0.12946670293256854,0.14119638772577922,-0.03776329668910839,0.06089814346575138,-0.03477097172142925,-0.09476658675657561,-0.08089675171044398,0.09658777199434254,0.05079419645210182
470.0,-0.04277886830470704,-0.3164309945706075,-0.11132229300395471,-0.06315511978879312,-0.004045451467143894,0.009943513195872168,-0.2730088939049206,-0.17074508435157237,0.1517200403472318,-0.019455685008717322,0.106102467982555,-0.060248272143649036,-0.10311110361124522,-0.07678202611313478,0.0826580326904577,0.047152360390762184
471.0,-0.057820398192586636,-0.34333134614030125,-0.10552263182566311,-0.04262407183115356,-0.004251284201896239,-0.0007420935198086898,-0.2963102726843079,-0.19734879065538388,0.14443767212208725,-0.03370040733246234,0.10974919482390469,-0.07336927538894203,-0.09456254354453043,-0.07406915667143027,0.0627800928458963,0.04112035591774423
472.0,-0.07106011155989782,-0.3216866612471824,-0.08682036410943283,-0.02024058268474155,-0.004493145929105043,-0.020442885150124355,-0.27686514330151996,-0.19956730027097547,0.11522657550683325,-0.08988050806905387,0.05964919087899911,-0.07091484568781338,-0.07303742556524556,-0.06982442521898012,0.04313443958500708,0.03509896591873459
473.0,-0.08181166466674385,-0.25866770789561266,-0.0580812957681443,0.0004889774903311491,-0.0045034405447260135,-0.04431690664936219,-0.2231400861713988,-0.17364906125944102,0.06687034841476393,-0.17674768500153454,-0.03353881740351961,-0.052601369977832164,-0.0439041645948482,-0.06027968183396393,0.029083492824518435,0.02999696181686916
474.0,-0.09101129684377267,-0.1737551813900536,-0.025921094111190424,0.014550905401121797,-0.0043128356751413665,-0.0631591131819255,-0.15674976337164198,-0.12511509917913116,0.008851833579541057,-0.2655069030046302,-0.13923555347902605,-0.023124697772055558,-0.013623440190926957,-0.045091273299417874,0.02367151998980374,0.02501644600463142
475.0,-0.1000701989702311,-0.09341885123817711,0.0009696791692585646,0.01619163303156489,-0.0046813855593888665,-0.06787253124500114,-0.10484176999894879,-0.06773547109705806,-0.046514190796447745,-0.32306372806024836,-0.22207285897413426,0.008423359632515464,0.01152071962884462,-0.029361610752710467,0.028105451485863665,0.018712141598815048
476.0,-0.10884337092424896,-0.041592632672846505,0.014974307757520944,0.0018081407185679143,-0.006656816888418026,-0.054221721371015365,-0.08902014547656216,-0.017696808902059442,-0.08885045430961055,-0.3277822807428828,-0.2587860432075464,0.031976578270897046,0.027606441382407986,-0.02119269367495682,0.04247967645182067,0.010822876935628256
477.0,-0.11466351546215454,-0.03101824462304757,0.01250768488083489,-0.027083079393789976,-0.010626550406168426,-0.02544319311414274,-0.1167124771708999,0.01349871151672682,-0.11228489399365489,-0.27857314501110875,-0.2461708659653367,0.040724841260630876,0.0347827664483966,-0.02642431327471814,0.0653854151357951,0.0034070392292515003
478.0,-0.11341737105734014,-0.05979242030615784,-0.0045874933185927926,-0.06302451163712694,-0.015645769810882088,0.009365422579474411,-0.17880384071355201,0.023183506814714646,-0.11523593915747231,-0.19303800433779494,-0.19775727038038812,0.03383496468644943,0.036956710972680586,-0.04458777969388766,0.09346581201445063,0.0005346156670138463
479.0,-0.10183977435442307,-0.11395190036042162,-0.02968042916129911,-0.0946696854890705,-0.01956366815251597,0.04070259308676264,-0.254142707848042,0.017180660873243964,-0.09922754693709131,-0.09733789027943407,-0.13408380573520495,0.016474382445216523,0.03903224944017265,-0.06885109903943402,0.12233694252423838,0.0067174523241860865
480.0,-0.07922336351504644,-0.17397833710794228,-0.05388710996715102,-0.1110009145043436,-0.019961811240113654,0.06453109885255709,-0.3187527515279366,0.006129112784813633,-0.06830905246900343,-0.014244280018745798,-0.07278381193020565,-0.0027207415549273576,0.04329235459554958,-0.0895215030078417,0.1483913642370765,0.024622967782049473
481.0,-0.04771174111076688,-0.22208459395197094,-0.06951503712975686,-0.10584144654208104,-0.01526165469633129,0.08410262565680778,-0.3553332224937546,0.0005709574303324451,-0.02902581606311381,0.04471591231315689,-0.022982039554541468,-0.015533448996000452,0.04754404631755602,-0.09838612764422372,0.17012337743346787,0.0529899967593227
482.0,-0.011935274644995837,-0.24761308290503684,-0.07277564024381522,-0.08019029904894243,-0.005171644111705077,0.10613866261481683,-0.3583735935722901,0.006846857267571075,0.01009289772382563,0.08044994131823176,0.014660414942212836,-0.01761128495668604,0.04658566799520678,-0.09124713688357645,0.18815051192902696,0.08598394747351425
483.0,0.0214523794562294,-0.24889747652948277,-0.06473089778813444,-0.041147045932749954,0.009523804379581608,0.13477163787805158,-0.3331665536726385,0.025363339852184166,0.04046652414252272,0.10226972911866448,0.04469813921004654,-0.009826417435715084,0.036188745348541676,-0.06819351382778294,0.20378983318792268,0.11481659274245765
484.0,0.04492986298952455,-0.23153123933452563,-0.05054155912816134,0.0013752228461443594,0.027017197548294927,0.16824490791795443,-0.2910051231060821,0.051473178833275526,0.056469995781964946,0.12188778219397163,0.07346043693276683,0.0029483886909298087,0.01646464696614255,-0.03300748007315454,0.21700678810818597,0.13110668653311705
485.0,0.05226286172371675,-0.20472221659837103,-0.037508902133011834,0.03782121637494038,0.043991250203866204,0.19996881793461396,-0.24406946755258255,0.0778728470086016,0.05754397745943505,0.1477868341364877,0.106034829267124,0.014630652598809076,-0.008132282448562976,0.0074597537009586925,0.22532156297954586,0.13022362823805675
486.0,0.04076592624258773,-0.17776840421817516,-0.03250631379197827,0.060683251545445314,0.055492413468915876,0.22213343603070232,-0.20205017635123468,0.09730993075353214,0.0477747514416268,0.1816182247105631,0.1438551017020425,0.020604332431299156,-0.03152592524517245,0.044344759586938474,0.22486065319619922,0.11301794458705687
487.0,0.012667333465295371,-0.15752632627607419,-0.039508217213822805,0.06504507417272105,0.05648457967427386,0.22965453828317853,-0.17108905912173233,0.10499609534441899,0.03375249610721655,0.21831174295824535,0.18440976620994154,0.019279653901459113,-0.04870741259131022,0.06869611013851491,0.21322274401410649,0.0854451904512431
488.0,-0.024668903587887266,-0.14672814461955072,-0.05789625865260693,0.049183852643377914,0.04487136402040831,0.2228857552765523,-0.15430634357294024,0.1002571617352484,0.022802426627997786,0.25004712940633905,0.22367243525218033,0.0125523115464014,-0.05670120910728086,0.07409764082460273,0.1921709841740667,0.05633992904502883
489.0,-0.05988146157575717,-0.1432929786023569,-0.08247743359015348,0.015539541683420324,0.023683724944254712,0.20788349757063623,-0.1523872871386361,0.08661219241265014,0.021940268436987233,0.2713907063775636,0.2589516776907833,0.0052201911876656815,-0.05424474453394156,0.058824463022498164,0.16796035422829145,0.03401071055575266
490.0,-0.08065170896710806,-0.1414177866281111,-0.10592508526991073,-0.029174424142767257,0.00016718321291633146,0.19382026323402327,-0.16388919837119478,0.0697271240127251,0.0361387971208897,0.2818215447216149,0.28905716415539484,0.003125125747696338,-0.041789418825176256,0.02597888900322272,0.14876061914579575,0.022979560489211157
491.0,-0.07811716686921778,-0.13453094034494809,-0.12252225701861767,-0.0756116289647131,-0.017833408714372105,0.18851967690613025,-0.18608963363244124,0.0541864537041619,0.0657447913637822,0.28415602418690905,0.3116318459739683,0.010537712450798197,-0.022131490077135035,-0.01817845281191934,0.14068805163867765,0.02239692046369641
492.0,-0.05040940153298715,-0.11843845437485488,-0.1306318260994157,-0.1142560500162957,-0.025460267970750187,0.1940857521582431,-0.2159378067964453,0.041430118676509746,0.10481283466208041,0.28082645930988215,0.3206672149353089,0.028287255312235353,0.00014371750032362795,-0.06568505332570285,0.14480509318821774,0.02675898000230555
493.0,-0.0033018154011277383,-0.0924488294858106,-0.13220788308282333,-0.13731901670043614,-0.02230569438982179,0.20496858678058347,-0.2494563513904316,0.030391621585913922,0.14172733352233763,0.27127372150473533,0.30710951055979,0.05370588523196723,0.021062254112954527,-0.10713998479980323,0.15643889411358564,0.02835741845833473
494.0,0.051969897644015856,-0.05787286371770357,-0.1298277430360203,-0.13991431490667403,-0.011794675012906389,0.21005342370277452,-0.27934577135630273,0.019790047315537632,0.16229001209220323,0.2522664861499481,0.26304157226802577,0.08195045711427747,0.039255440563359174,-0.1321884881190244,0.16641688702237323,0.020241203700473574
495.0,0.1022305881516338,-0.015132241501096839,-0.12363016872968248,-0.12107914343923072,0.00048029266418880953,0.19799457858163202,-0.2925292004268507,0.009684953722528245,0.15485912627655998,0.2206804226811797,0.18748592779518825,0.10755037572417792,0.055634665603902185,-0.13211439777964537,0.16326996090680682,-0.0014145421757806396
496.0,0.13566130909970528,0.038313401248789104,-0.1105538431713163,-0.08427678397747283,0.008710180666274126,0.16272273938464887,-0.27010480912778684,0.0014154276812032977,0.11559496521004715,0.17669910196167357,0.09031862373095118,0.12571863414450377,0.07162825599662605,-0.10392958109058209,0.13619991241660526,-0.03594737038928548
497.0,0.14386472156808225,0.10656392479770821,-0.08614748040771095,-0.03604985350132819,0.008828560698955702,0.10588896774317182,-0.19226508094421066,-0.0029649552604360803,0.05037918817131773,0.12495245852700629,-0.009308856571265555,0.1334967835218044,0.08795403605093235,-0.05246614322432014,0.07890625025402782,-0.0779196727137886
498.0,0.12310676003614614,0.18981360261688382,-0.04782630377786644,0.0168700855996321,0.00010050416949749525,0.0353631141021444,-0.04874219778260286,-0.0013052304229120059,-0.0277262420517104,0.07268229744041743,-0.09067498742781836,0.13034522640684207,0.1044930694512778,0.011794761324275845,-0.006617183654851121,-0.11828727621617609
499.0,0.0760730351632138,0.2788158070132588,0.0016900621745353232,0.06906196871415568,-0.014630602385324246,-0.038075097064655526,0.1498342347590898,0.006977058093003109,-0.10241740967960854,0.026919557129368648,-0.1404866841112373,0.11769728260544189,0.12015787588958614,0.07682024490412649,-0.10828961120792555,-0.1473159988095481
500.0,0.013544013751946516,0.3548911562220842,0.05295679602974228,0.1149722313175951,-0.030558286900576364,-0.10333829517681536,0.3680070657770129,0.018715165294490903,-0.15671425502919595,-0.006871403109354606,-0.15652349325121975,0.09787020409459317,0.13207199707981448,0.13152207013579995,-0.20597083697709526,-0.15838321037247707
501.0,-0.047189902611823396,0.3971119005683139,0.09254638764176441,0.14722664192313317,-0.043280956009034165,-0.1507233803854831,0.554497125871909,0.026916477605309772,-0.17546056267860563,-0.02502057020748312,-0.14476340449449274,0.07324846604454187,0.1353863722186956,0.16664362346542838,-0.27768927746709754,-0.1507533921362881
502.0,-0.08872827829888442,0.39255777612690207,0.1089653169832203,0.157892644200579,-0.050376636467683526,-0.1739733846630162,0.661532736926653,0.02373524934076267,-0.15014604617322816,-0.02693319676280368,-0.11500208327661438,0.04600584617503857,0.12509955462086056,0.17594250289693703,-0.3082023602662131,-0.1297159040600541
503.0,-0.10139001602554543,0.34281512765863154,0.09781850088013647,0.1420908454788229,-0.05191338838141235,-0.17297471563164085,0.6643621380755765,0.004285274552920034,-0.08482721876049108,-0.01751747096500582,-0.07910291942374317,0.01773467039320518,0.09857028289595689,0.15781095902038972,-0.2959021848713214,-0.10390800544277355
504.0,-0.08702183419760773,0.26262351681445284,0.06307533903598615,0.10099608183471935,-0.050318574372666056,-0.15526070481985882,0.5699941632621491,-0.031326714948440255,0.001798177023575105,-0.007455168034985466,-0.05037158304544023,-0.01124894479428606,0.056419435578291356,0.116038345789672,-0.2539482256434448,-0.0814931642421564
505.0,-0.05666117110169846,0.17274133113864437,0.014546570958632269,0.042472282989436456,-0.04945668009703184,-0.1339094952949571,0.4117601981435535,-0.07844234515476214,0.08215812265184261,-0.00875551845663996,-0.040577853725746835,-0.041768247571256474,0.0019958386801406814,0.05907204877652935,-0.20430555703979725,-0.06761196295812467
506.0,-0.024324644580625356,0.09241871492492887,-0.03605467703497823,-0.020783362448732162,-0.05274814644710004,-0.12181827856483549,0.23537877881966926,-0.1297737607052424,0.13158164895660557,-0.028025940235048133,-0.05524833143732026,-0.07400465277429742,-0.05896197498784554,-0.0019527736659718292,-0.1676639211415219,-0.06404752062853286
507.0,-0.0005736820183514051,0.03470128520814118,-0.07844883645987029,-0.07526382275289709,-0.06124008716722134,-0.12573716468518803,0.08445815526165693,-0.177424473820782,0.13879615894802774,-0.06265357221881789,-0.09144038813040066,-0.10567676474608359,-0.11834601521950686,-0.05601035108516974,-0.15491159831809864,-0.07005510481360089
508.0,0.011393143677885487,0.004722923032760603,-0.1058436847286329,-0.11154410981307888,-0.07290161188611201,-0.14400050615240634,-0.010267126787119463,-0.21415975748126537,0.1086246010994138,-0.10243852305980615,-0.14004625786005093,-0.1323089541662334,-0.16629051859722427,-0.09509039013882957,-0.16448135256481236,-0.08287965377384993
509.0,0.015840072632999094,0.0004427294120899319,-0.1153885090853261,-0.1273198052699279,-0.0834005492634168,-0.1686917137587265,-0.03670837581804599,-0.2340246985232045,0.05683489691375203,-0.13497413471454192,-0.19018411031721164,-0.1492168285031229,-0.19285561489368114,-0.11591699789994517,-0.18569200052838922,-0.09768194344685394
510.0,0.021091082378426423,0.014988114215011712,-0.10716179439683896,-0.12661360807426972,-0.0877956751168587,-0.189658870344435,-0.0017818399527852397,-0.23309948344685436,0.0019968117827405796,-0.15137522088354138,-0.2322859839999177,-0.15338818279296065,-0.1909259614030664,-0.11965470837450727,-0.20491236549214653,-0.10795003194006024
511.0,0.03424022065083045,0.03913897180413137,-0.08311895617308178,-0.11604607624809017,-0.08252610047710837,-0.19778757258195828,0.0730188310050345,-0.2107756125588948,-0.041480940683526396,-0.1497797670029512,-0.2589478450864972,-0.1445194256336598,-0.159753927698212,-0.11006043378695313,-0.21094421537716532,-0.10721097194726191
512.0,0.05651275655711381,0.06311982085661219,-0.04714506279912646,-0.10094333359886905,-0.06692747364606885,-0.18718251050608753,0.1589221195107175,-0.1709341548311477,-0.06719293024021182,-0.1353241567280534,-0.2646633844776089,-0.12540833923278105,-0.10736946653585262,-0.09125754573859915,-0.19788180964642454,-0.0914599012680282
513.0,0.08194669041528864,0.07816711814308261,-0.005275721136193578,-0.08345473800024067,-0.043476542292551934,-0.1570353678148555,0.22804501633522978,-0.12197815074885364,-0.07658621474166771,-0.11675869305215382,-0.2460660636030201,-0.10167855374621666,-0.049679987836257246,-0.06623706023450504,-0.16592961199666814,-0.06106136601381371
514.0,0.10040526451012621,0.07845803474934802,0.03528398726592719,-0.06319991456302682,-0.016818892181720745,-0.11276845584159748,0.26075898828890065,-0.07514132009648654,-0.07548593757509452,-0.10168599506643392,-0.203389840678188,-0.08059289349016692,-0.005224288626989197,-0.03682982238878492,-0.12108827811111036,-0.021207926790500865
515.0,0.10314949904696656,0.0628612460469276,0.06798514579076284,-0.03963739559429758,0.007541074047477491,-0.06484112808402702,0.250291502503323,-0.04162771531771124,-0.06959209723075811,-0.09301189308374427,-0.14182686990845933,-0.06906932872084498,0.012555879049509876,-0.005160184331257422,-0.07336391108296342,0.01930683634074952
516.0,0.08766846636180951,0.03498718075002037,0.088509191817441,-0.014290871041647777,0.02452158437587733,-0.02480245642394132,0.20277939659822103,-0.029709434503293476,-0.061466204876398776,-0.088330840112568,-0.07102747389155742,-0.07138180263318523,0.000972761790545109,0.024803981957752033,-0.03291270742543069,0.05072230401352711
517.0,0.05912552678248507,0.0008089792722932235,0.09578349115436456,0.009140530681419297,0.031087119627389193,-0.0007670426425022404,0.13275083081237724,-0.04237974416425026,-0.050521102927637715,-0.08244960295643516,-0.0029221553302840454,-0.08714443044769178,-0.03176798099051057,0.047554427607699123,-0.005591221600269708,0.06570992662487618
518.0,0.027655238358401835,-0.03454857818987771,0.09223603817602069,0.02682035827729794,0.027870442859306576,0.004667776044492354,0.0563946833546882,-0.07605913546804483,-0.03560445646378805,-0.0713050859115194,0.05087886837327647,-0.11056031519497163,-0.07128591225651311,0.05842722693411215,0.008922296055661605,0.062183440108816
519.0,0.003071544817172487,-0.06835063141213765,0.08282389019644816,0.03696590430152771,0.019524890107787816,-0.006624639918969453,-0.013963892029151355,-0.12122480062133237,-0.01787495741152908,-0.05480597207711641,0.08151591500185303,-0.13198756722688,-0.1033702146129127,0.05632525419937087,0.014999365719424174,0.043802491339908614
520.0,-0.009638858199320647,-0.099415820070002,0.07312950641443974,0.040617717348230095,0.013157114621527044,-0.030299567653282955,-0.07196053957283852,-0.16513516079323148,-0.0015516483875325545,-0.03737991338657654,0.08493084012779853,-0.1415355143466707,-0.11886918889540174,0.04491914983351822,0.017171497687728424,0.017839692780387342
521.0,-0.011281685038207484,-0.12630006794457357,0.06752797094429806,0.04106271804321752,0.015500077624930416,-0.060467855989202346,-0.11601186042432382,-0.1955421093839621,0.007885486194280509,-0.02632997617493292,0.06290708009828595,-0.1328780587880702,-0.11547508174000277,0.031588995868718835,0.017870879337631127,-0.007759133509869549
522.0,-0.006093555088401752,-0.1465114485826656,0.06814136558581525,0.04256067737898175,0.030064990999581577,-0.08976096303821089,-0.14673203854881953,-0.20401171479179536,0.006353707325095364,-0.02886825354608682,0.02235476338785513,-0.10564431933721433,-0.09699804923610292,0.02461637120566538,0.017675846984819932,-0.02619996946112024
523.0,0.0014711819008027154,-0.15779915778132197,0.07454343784969697,0.04863255802315541,0.055353365392299486,-0.10988375688946918,-0.16497896626438058,-0.18809587527875823,-0.007114699859766216,-0.0493421009837692,-0.027021673767727853,-0.06580354915885919,-0.07179798313127961,0.029809532254579857,0.016445381607516803,-0.03268748766027153
524.0,0.008704461897554607,-0.16012352424730392,0.08376101357236335,0.06025286481896361,0.08483557234292725,-0.11357363525117084,-0.17122869289919299,-0.15184910085840705,-0.030165976010639906,-0.08791838539837833,-0.07567085262302622,-0.023848368072221685,-0.05038118728774499,0.047903359617599985,0.013997279269982904,-0.025414806186954037
525.0,0.014909832405765924,-0.15541346571866194,0.09067032529705048,0.07485269747886918,0.10890147742325251,-0.09770312518558803,-0.16551055501247736,-0.10423926859919107,-0.05815006025658822,-0.14069554315410315,-0.11684911591926164,0.009039475044649109,-0.04134526672550731,0.07389784245066379,0.010385994823880253,-0.0066381213332735505
526.0,0.02053147723494673,-0.14482412518383694,0.08952022418268321,0.08690260129627661,0.11828150655784324,-0.06575142339395708,-0.1473681665947829,-0.055869053303380226,-0.08564027498060023,-0.2003414393299451,-0.14811968914521206,0.02545729409288107,-0.04726013457937623,0.09865700164977102,0.0060708862802188145,0.017305466959103608
527.0,0.02599158569518003,-0.1268579675978288,0.07660274809737332,0.0900958765092985,0.10773706392452796,-0.02724060280909222,-0.1165123795545777,-0.015436627072351371,-0.10740849487971031,-0.25670020353931483,-0.1705292056508251,0.02469143012165151,-0.06356050932757448,0.11218400338318592,0.001873837321348629,0.037862746908165344
528.0,0.031133387216935968,-0.09849830752561754,0.05270515604350874,0.08050589953360827,0.07852552097313435,0.006569109031201632,-0.07438696206223544,0.012666992942303886,-0.11848447343043769,-0.2977891803185563,-0.18543007664203365,0.012672752596871074,-0.08117772039954405,0.10764490849922904,-0.0011250165418446785,0.04775491134495803
529.0,0.035565964867676526,-0.05778914165545343,0.023749692533924185,0.059340822201876135,0.038409178003064856,0.02812349563136858,-0.025241269183292128,0.029024661535674113,-0.11446457187088989,-0.312433990864626,-0.19145104014222214,-0.0008210978369029222,-0.09073882865346876,0.08477646214831155,-0.00154126193675661,0.044598424861159225
530.0,0.03919270914185523,-0.006074471224537421,-0.000858114721209519,0.03332439961255393,-0.0011803035066074673,0.03602719995887093,0.024316740577394517,0.03805070351966632,-0.09318979261881764,-0.2946638550875328,-0.18438953163680855,-0.006504877322118258,-0.08609562618398062,0.05072014557351358,0.0020039597413512335,0.03240859656113581
531.0,0.042196449724276226,0.05049427031533275,-0.01168472419538854,0.01168748713431621,-0.029652511831973656,0.03308131549332267,0.06634879117221723,0.04523042525789791,-0.05643792446248519,-0.24682851743037137,-0.1594307356040251,0.00023667043993730465,-0.06644584996740648,0.01709286482025776,0.009904519700211204,0.019631441091263732
532.0,0.044668615342074,0.10132794913667885,-0.003526520722872717,0.0013308722527543462,-0.040993836040298264,0.022967099367414354,0.09249922552820539,0.05390423001171775,-0.00936029891753233,-0.17825588458008357,-0.11316345810216244,0.017463106035194714,-0.036689626849748934,-0.0053463076253534355,0.02097013349096126,0.014732746776636796
533.0,0.04635172496841579,0.13497723762832828,0.02139636196934102,0.003378175738781547,-0.03503036561694095,0.009277804975172011,0.09609748560886867,0.0636366732182755,0.041811587635474615,-0.10086045364984379,-0.04518307149630564,0.03842438280442599,-0.00548286429362179,-0.011232187339591538,0.033230570111612144,0.02207195300865221
534.0,0.04652234652837517,0.14450457529426392,0.05355307498285813,0.013219620864606369,-0.016485562883848903,-0.003535933740556691,0.07603709900597572,0.071199921646742,0.0913120025963933,-0.025745193501492694,0.03969239427128501,0.05570721941843029,0.01844965002779238,-0.0020472725633468693,0.04525130013904598,0.040300644556730734
535.0,0.043994314094558756,0.13087245706532713,0.0802153202659059,0.02359975394662726,0.007116733982650679,-0.010410323534112156,0.039668498864588564,0.07318620068914025,0.13390856295891929,0.03783129835603933,0.1298606438778287,0.06478662057089184,0.029809282345429695,0.015424159215744705,0.056306528877874615,0.06360305687214164
536.0,0.037535064826988124,0.10190976186619413,0.09149633568726033,0.028574327914065344,0.02800787178088499,-0.007870719686014398,0.00126017461807796,0.06837812476965162,0.16440789455360838,0.08258732101757583,0.2080868654548759,0.06511508755051941,0.02831569694517956,0.032181574435220676,0.06542616723864486,0.08444137608032383
537.0,0.026810715023558692,0.06813744470071162,0.08477432607015682,0.0262271107166021,0.04065880471277117,0.003999687693015112,-0.02370766072292017,0.05872758685576089,0.17719953016229437,0.10360633540419743,0.2553883725566294,0.0591742200100335,0.01827773910543376,0.04047163881930725,0.07080751127637414,0.09617403870377793
538.0,0.013228734036252581,0.03877829532153844,0.06515972984999632,0.019251352994810313,0.04341666531780982,0.021543675630824946,-0.024822572767973478,0.049105069952981584,0.16691153983566506,0.09909385222477317,0.2566374506310767,0.05083556926852849,0.007186651002523338,0.036956141012464354,0.07048888674546042,0.0947870160147542
539.0,-0.0003378079873902425,0.019708029463360272,0.042302820431067985,0.013356266801754208,0.03843586187042976,0.03894124953023163,-0.0006519004837858638,0.04631704534229217,0.13160214584637325,0.07144933529893999,0.20692315145640872,0.043803982899573365,0.0036143886805878977,0.024398371481062758,0.06370839769090872,0.07990042589210807
540.0,-0.011131392592233169,0.012470202388101771,0.025981177047401393,0.014129962463148285,0.029937078213815554,0.049856893554152064,0.04046736684992697,0.05729248703182965,0.07679197843581397,0.02804665606875805,0.11615086269340638,0.04037168330073435,0.01386417084624624,0.010564223394899722,0.05168692588516803,0.0552147652644683
541.0,-0.01833077704439369,0.013481425348940625,0.022922566455247786,0.02418048429193175,0.022110687637903748,0.04890457440224601,0.08296754980521705,0.08648712429790281,0.01523811676060189,-0.020069737384901833,0.007565403152735334,0.040862586256407096,0.03853187160444024,0.004550828347734676,0.0371408624043599,0.027760776734310863
542.0,-0.023819709732833184,0.014745320154859708,0.03531265233517255,0.04226576431425262,0.017845629091988335,0.032666788149367666,0.10996156131535534,0.13340489156596197,-0.039706172496774834,-0.06263965270003456,-0.0915315924372797,0.04412561541503533,0.07163829061144568,0.012351357523673704,0.022910375163400575,0.005227459363359802
543.0,-0.031282802622281274,0.007442368207336975,0.06024452244432966,0.06406204144875491,0.018153686087287978,0.00024229884168383667,0.1103838165138232,0.191266240838285,-0.08158206378884274,-0.09495340957294726,-0.16158529959192058,0.04864909732245463,0.10290520342224807,0.033586543247856294,0.01068098673004444,-0.007661290406580521
544.0,-0.043793598814451724,-0.013306842402906374,0.09027747230901972,0.08332719244574163,0.02186284246449941,-0.045918574126732725,0.08314063865573419,0.2474777189521184,-0.11137468015122819,-0.11783726701611456,-0.1962051620008644,0.05319459252329243,0.12140102953594119,0.060812165074709074,0.0006563551892617848,-0.011154598317382655
545.0,-0.06106378409792523,-0.04581753359452387,0.11602632557750557,0.09349198605180355,0.026052264674937042,-0.09911465636512819,0.0360606125334246,0.2863707582107089,-0.1309632657922511,-0.1322583022584391,-0.19819082137032096,0.05640701550647814,0.11933135134343135,0.08231442251739093,-0.007672202351311914,-0.009374398773101651
546.0,-0.07842151051863229,-0.0827872198553154,0.13022061842487703,0.09009580304882812,0.02760680903440295,-0.149476972048655,-0.018450712625369636,0.2938505880260338,-0.13733579956425754,-0.13440941316302818,-0.17241642567042087,0.056081406503362914,0.09515324550732349,0.08758794935604762,-0.014407589380375521,-0.007354332579515077
547.0,-0.08877437784722515,-0.11495692825169689,0.1304248017553797,0.07313113072288187,0.02496096378720479,-0.18769331094326572,-0.06801486667462459,0.2622386319245219,-0.1238363443604528,-0.11663304315465427,-0.12309920503151629,0.04921895086918749,0.054330124044834546,0.07235656345824146,-0.018628078840140627,-0.008675786007409115
548.0,-0.08628685367550804,-0.1354179967350016,0.11840607183477217,0.04767117169832553,0.018783469846340464,-0.20860125769000912,-0.10359528611393902,0.1934977452677814,-0.08654615581479853,-0.07302698051229967,-0.055912419261442976,0.03351751307568225,0.007236413153930776,0.040171429410960864,-0.0184522832555662,-0.014708172170269202
549.0,-0.06924021068420949,-0.1420266508326303,0.09763403924436592,0.02197386451171665,0.011329815756710685,-0.2119037433760539,-0.12098878903288143,0.0999677486158137,-0.02932158742598042,-0.00467222975440731,0.019827943094495065,0.009725488866583873,-0.034030760012893624,0.0003314458162869354,-0.011697995909843809,-0.024478551191655196
550.0,-0.040846230457551126,-0.13674256116331585,0.07168227548092851,0.003808715459488866,0.005001627714078661,-0.20044275992325641,-0.12045596619653032,0.0020812958682097427,0.0363431409603901,0.07896914088145783,0.09221222893231179,-0.017172541390343583,-0.05879864416402839,-0.03606192819513218,0.0029049697631141082,-0.03438274798614825
551.0,-0.008133814703807722,-0.12295089441168941,0.04421465593213608,-0.002854665137563779,0.001006048679624116,-0.17756178060798816,-0.1050682094191663,-0.07713944823823135,0.0957311084080236,0.16303789334955265,0.1507771470199034,-0.03949150626870307,-0.06118155715210381,-0.05998097107942845,0.024423474208482298,-0.038695935299779334
552.0,0.020892343815750943,-0.10254726087693329,0.01924814902488305,0.0011134000561690744,-0.001045931915731546,-0.14457567299353224,-0.0784962926447352,-0.11954129873701909,0.13659453645076508,0.23330932320443545,0.19090594848431475,-0.05007990544529684,-0.042494131337146274,-0.06719140452434584,0.04916843331819385,-0.032061109658676694
553.0,0.04098584459895398,-0.07452717097480933,0.0004196248432338499,0.011254099924921752,-0.0025023769018100257,-0.10022230723813443,-0.04313426407099478,-0.11825371585628101,0.15325599558665567,0.28214625454727543,0.21499982948257196,-0.045072313138963566,-0.010568817373977909,-0.05940143464634258,0.0713623795088645,-0.013101033808978712
554.0,0.05198802577052664,-0.03654387018898812,-0.01067753211678118,0.0217302683642585,-0.004610135028633452,-0.04345025737984494,-4.193483847307721e-05,-0.07976488279571493,0.14735994379455378,0.31050974296299794,0.22916570105664244,-0.025232507612448152,0.023740778242565992,-0.04336575433361983,0.08503935590111025,0.01349610411499123
555.0,0.05772093995620374,0.011395323023042855,-0.015735940220256064,0.027471008061589544,-0.007602461797369075,0.022430878556845994,0.048749876568455655,-0.020349408981776288,0.12544954037421066,0.3245639226799893,0.23836738244222516,0.0040092725671660116,0.050555310958736485,-0.02759072224909098,0.08645902455242717,0.03852136078725427
556.0,0.062067501879157425,0.0644711657914364,-0.01925660785296422,0.025786639380033203,-0.010337795244284145,0.08801529516113596,0.09767749639720186,0.04118195963074154,0.09527775223783959,0.32979508951493985,0.2439135217998604,0.0337712256744645,0.06382350519763944,-0.018050863195058605,0.07548539370955405,0.05294897631098178
557.0,0.06520743516316789,0.11406204293148554,-0.026606112878792314,0.01676699670888096,-0.010958658080619708,0.14026030982275078,0.13765781253652684,0.09031407366153642,0.06282014446681766,0.32746612521884466,0.24419176641800572,0.0541095393586195,0.06228728906408746,-0.015995960122931037,0.0549836621847849,0.0527407507873986
558.0,0.06281012700458005,0.15102557644975065,-0.04192027882238358,0.0021705665827408617,-0.008464983643594003,0.16764983378020581,0.15910596731485593,0.1201308197150223,0.030899750244613042,0.3152564485473007,0.23669294115534792,0.05715293821901691,0.04854270605706398,-0.019157144944397617,0.02900881340273668,0.040505705400416515
559.0,0.048788474738079124,0.16892189629872778,-0.06642762179167933,-0.016034601892472085,-0.003991646704110127,0.16508921388622946,0.15604480968193984,0.13101141995277774,-0.0002923705241401357,0.290009420897178,0.21949705500498667,0.04013135246137936,0.027546246579334594,-0.024374936801730116,0.0012062983664404394,0.023403172022886994
560.0,0.019829922852708397,0.16607467232915268,-0.09722497533758875,-0.036125483366375,-0.0005530717250326628,0.1363940960791312,0.128995934399288,0.1282987752659882,-0.031120727722038822,0.25024215476195116,0.19238400016610363,0.006875043207352619,0.005741006487562893,-0.029415428378792144,-0.02585213522862079,0.009319486492948285
561.0,-0.02121384916151089,0.14599419748132308,-0.12727720839407192,-0.056156515119696285,-0.0013573935624279668,0.09355701651294299,0.08505401794061401,0.1191657568155437,-0.060291333269734924,0.19786783281373227,0.15798710750599543,-0.03349571957627791,-0.009973384589747338,-0.03359513088918554,-0.050388516434818204,0.0035945499925557904
562.0,-0.06534844824764222,0.11576494410361812,-0.14743769389108807,-0.07351345120641058,-0.007874004561155102,0.05278451103080835,0.034998204568117725,0.10981336520237016,-0.08404123031798784,0.13900547235447777,0.12196804646497363,-0.07013950778282815,-0.014388557856771756,-0.03755279479135927,-0.07055492241327166,0.007404558486991353
563.0,-0.10097943378160637,0.08310778412691354,-0.14994054944330856,-0.08523305819447924,-0.018837005778900885,0.028582395853829594,-0.010901087843765969,0.10409554787267576,-0.09713657193066395,0.08335757186242494,0.09155766150635017,-0.09402928001329464,-0.006191971636697731,-0.04241933164796115,-0.08377098788137992,0.017943543197743692
564.0,-0.11880886872403598,0.05407984272138349,-0.13183356780915356,-0.0892249924254955,-0.030826201484810304,0.028619187326768363,-0.04593392494443945,0.10343372323239998,-0.09509235633885646,0.04203087752264416,0.07336395242376209,-0.09983117176778306,0.011609393284683188,-0.04889437148445664,-0.08715876760211037,0.02988551910631191
565.0,-0.11530035242290188,0.03286500693801257,-0.09687658353035083,-0.08553644286926435,-0.04010162085019834,0.05168584620465058,-0.06718750143684085,0.10705630980934344,-0.07663214847529366,0.024348944876496005,0.07105006889687972,-0.0863589735454944,0.03341706078963596,-0.056597992166568765,-0.0790295666890116,0.03739374351694626
566.0,-0.09320972865337893,0.022882673261555735,-0.05465662160370571,-0.07625545405189407,-0.044221751937051225,0.08920102431844253,-0.07337417229163311,0.11245837956395276,-0.045076614653355336,0.03459000747969087,0.0831951974486561,-0.05627366055093033,0.053840259089774765,-0.06347315905058155,-0.060202920594644195,0.036278319018889206
567.0,-0.05958470493647191,0.02705736074746694,-0.01678871326144852,-0.06391810415557578,-0.04225813977785612,0.1295268141080788,-0.0628845568451217,0.11663258210454831,-0.007568755767726262,0.07003789771417909,0.10319203041952164,-0.015064348494253891,0.07008196433184123,-0.06555674645024867,-0.03420902510192954,0.025758514894001577
568.0,-0.02285416278268073,0.046393316268880234,0.0073804073128583905,-0.05022580120984614,-0.03436535263883524,0.16339641944429187,-0.03455927720543907,0.11745258430862426,0.027433152352301246,0.12150477157583128,0.12236565201211427,0.030389317465287762,0.08238729064420172,-0.058591433487246984,-0.006766427784199748,0.008629604780043387
569.0,0.009531906986241376,0.07799806857312701,0.012764657743817473,-0.03638627492563242,-0.022129682553605954,0.18746985864211493,0.009278624703529177,0.11385529663649777,0.052645918755570606,0.17573411021582527,0.1336155394264396,0.07292019491223875,0.09212759160890918,-0.04153862509600927,0.014754033492749199,-0.01065607101791467
570.0,0.03260316747510573,0.11415087388915121,-0.0014236816060777006,-0.023874906830555563,-0.00922381386221827,0.20366969218095712,0.06065519654805052,0.10533397214931468,0.06337535954837423,0.2180196119613974,0.13210477863603468,0.1060333634314515,0.0997027309664034,-0.018705526620787498,0.02238845552402264,-0.02831362759953231
571.0,0.04482634431194678,0.14365136646500354,-0.03152177607882609,-0.013943723924073647,-0.000637028643774737,0.21513879637724814,0.10738243506384756,0.09256863952034877,0.05814125444219591,0.23483765320558092,0.11393473203354398,0.12557196031795367,0.10496682739201961,0.002576215724950299,0.010334224272535608,-0.041735292305404674
572.0,0.0481571775663938,0.15576376163185512,-0.06908309717626873,-0.006454401696919057,-0.0002682673372797558,0.22237203511247494,0.1378001875787606,0.07882576484381586,0.03883479420431729,0.2174487918168344,0.07671487683136884,0.13155112213966452,0.10940116766836344,0.01693574807161149,-0.021066742102877054,-0.04843845851797878
573.0,0.046415553630710274,0.14488502931169656,-0.10226585706345699,0.0001509537136375716,-0.008706502781545077,0.22274859854948514,0.1455932076945268,0.06955085437754524,0.01023444788767564,0.16599143227144814,0.023107008411521926,0.128238344420419,0.11652079939475722,0.02374053558149043,-0.06302329516442629,-0.045845347211036336
574.0,0.04250311070262503,0.11282822808348703,-0.11988422170519203,0.007365695062123021,-0.023052337073236655,0.213847279154602,0.13154855073802416,0.06928566803424183,-0.021153396025773565,0.09166374968644309,-0.03623676376368412,0.12170582943623624,0.12909845222113306,0.025532621067861184,-0.10072681600441757,-0.03305279399548029
575.0,0.03639089012166522,0.06765722473367695,-0.11638375386211898,0.015007143785765792,-0.038907527494198554,0.19757321520186383,0.10207130029421482,0.07828934068991521,-0.04879258834198222,0.014416348324903351,-0.08451044978906974,0.11647727230410028,0.1459366373964204,0.024649079849337584,-0.12027179455893112,-0.013016364255689998
576.0,0.02526532062570899,0.0206049287225563,-0.09456283746110834,0.020903355579322828,-0.05286268519275474,0.18094593178785923,0.06632260051994283,0.0915367102521927,-0.06803457134137193,-0.0440745021525846,-0.10527991440731932,0.1134204568483148,0.16171321007134842,0.021581260987663817,-0.1156092712762475,0.007279959333099325
577.0,0.005588772573317324,-0.017438722810174,-0.06421471761451533,0.02216639335485735,-0.06343544533714465,0.17223442350861753,0.03323580237054288,0.10041488475341259,-0.07725700015636955,-0.06894237792731144,-0.08958652477351314,0.10972184409687429,0.16980110430149178,0.015818185849240347,-0.09060525831720188,0.019543845317146365
578.0,-0.024003452826985402,-0.03921510506975915,-0.03762047000443092,0.01713311942444337,-0.06999337444163403,0.17525392265829273,0.008929488140745083,0.09592751905902823,-0.0772680296850015,-0.05803833706199062,-0.039993074888983314,0.1007153343773096,0.1648359494244921,0.007269297986035861,-0.05541982151521294,0.018291693674579678
579.0,-0.06027597249382197,-0.0430780847493481,-0.024371550550074755,0.006448279577518882,-0.07133225880643747,0.18590707875312668,-0.004577784657894724,0.07227565970450918,-0.06945805613094827,-0.022877449447089276,0.0294032627051591,0.08265164269719662,0.14337526766852896,-0.0035263267184632266,-0.020550471956527285,0.003659720413959336
580.0,-0.09501245029161767,-0.03254776732157953,-0.027733753150824648,-0.007470031579348727,-0.0656929173205323,0.19340023911891535,-0.008642818777420262,0.02963528499329984,-0.05448008403294391,0.01584764679193809,0.09678795367862171,0.05495948883968116,0.10437136273615216,-0.016243387936437658,0.007638771876775172,-0.018659920551375987
581.0,-0.11746983548536877,-0.01382699265274624,-0.043732397545236806,-0.021721080031706943,-0.052095129152929284,0.18565481809698703,-0.005956911611810288,-0.025334829436572788,-0.03280421162592626,0.03669566338775598,0.13956863310563974,0.0209632567748223,0.05090918103971953,-0.031143241352602796,0.02808392111807113,-0.03982004129195275
582.0,-0.11854695809321218,0.006970908127714153,-0.06292368260764722,-0.03363210651618763,-0.03164353834664041,0.15567434878844325,0.0010972680103593824,-0.08188183820290604,-0.006505489660209764,0.02610645014327084,0.1423463462021363,-0.012992550319174937,-0.008591976396129117,-0.048137746713618715,0.04315043286739461,-0.0512442880850264
583.0,-0.09445311487454328,0.02562689112384554,-0.07397343604360039,-0.040648313698319456,-0.007702653168126408,0.10522595485283393,0.01074675548332962,-0.12911506948631027,0.019851771154446095,-0.016709909844172647,0.10269036874462624,-0.0394190696394444,-0.062073066662163986,-0.06529290661716933,0.05551203342952457,-0.04789511569434722
584.0,-0.048064955888888504,0.04071870962634323,-0.06788151169990848,-0.04017050511583747,0.015467871564380557,0.0443726187617008,0.02157979036431149,-0.15927108336835655,0.04063747960672532,-0.08024371871102207,0.03204482475464946,-0.05186254229114465,-0.09774509100977664,-0.07805674550775123,0.06612603756926162,-0.030005604716831724
585.0,0.012294397895110443,0.05364225082760451,-0.04140612286009615,-0.03008225497639597,0.03493926811244871,-0.012475932121643985,0.032782606747577034,-0.16916176615647346,0.051908540658308105,-0.14585724117246704,-0.0489012070780096,-0.04704337108741117,-0.1079630777372967,-0.07997910411521135,0.07438869598916556,-0.0024816995074149026
586.0,0.07514666288439016,0.0670967938209037,0.0016724697221308575,-0.009963569053988295,0.05052434113742829,-0.05235792174188084,0.04435828804127579,-0.16002663348648452,0.05302532768042268,-0.19567986425613387,-0.11856530722673737,-0.026562023750811906,-0.09189015171307058,-0.06494788920572256,0.07936145129835209,0.027214320475828047
587.0,0.12799342457464088,0.08245944239200613,0.0518375313171732,0.017809450233671864,0.06406027897106327,-0.06905984846838328,0.05654319757463509,-0.13635748824388852,0.04590829224187047,-0.219825856267219,-0.16275172277784514,0.0030000044968113287,-0.056008875395902144,-0.030288021656865192,0.08029768417481166,0.05135543678234738
588.0,0.15993484002856787,0.09817341198848246,0.09701142754944134,0.04802846684250644,0.07700146515414041,-0.06537810482091047,0.06927905891513843,-0.1043755873204097,0.03310467457806281,-0.21918060901427805,-0.17900720254478739,0.03251981949009879,-0.011393094791940606,0.020624336369999358,0.07616848446171648,0.06381407593927399
589.0,0.16502551451159864,0.11041513487493514,0.12654438613018718,0.07406707240677968,0.08836090539297138,-0.05101924950274689,0.08257792042959862,-0.07079370781447754,0.016609941073558114,-0.20255782627323365,-0.17529399574141485,0.05418855875352542,0.03103301950456917,0.07805317481698965,0.06532177506718964,0.061312380315389686
590.0,0.14426918750364395,0.11473776300301176,0.13480718485600124,0.09021735322808602,0.09476396819085244,-0.03718510409615872,0.09643433321410172,-0.04197743886174275,-0.0018211475461405056,-0.18064197427148532,-0.16382155298303552,0.06411934211502107,0.06351563361453696,0.12873657582945247,0.04609265597691541,0.04395429526509105
591.0,0.10450143599164052,0.10722379845693064,0.12302299627991228,0.0936616217855355,0.0924923716991693,-0.03083585378845104,0.10916675784257637,-0.023218845404919287,-0.019790099029836184,-0.16054815655742335,-0.153318656461952,0.06222328597182882,0.08086878246143171,0.1605693173478334,0.018051101537667053,0.01522409554336353
592.0,0.05542632824915035,0.08599818995237206,0.0983966198007074,0.08508040443888754,0.07994570314878072,-0.03173275699962719,0.11641752842051721,-0.01779356824618634,-0.034310499501001054,-0.1437690840197851,-0.14476084118354132,0.05049118331782904,0.0789629732668811,0.16693495496690383,-0.0169199158363727,-0.018396160944571898
593.0,0.007045189630477136,0.05391065709234927,0.0710580677385272,0.0680634008461583,0.05894225539883807,-0.03380384166719885,0.11357174435015599,-0.025714398388527123,-0.043334595406202964,-0.12820537751539207,-0.1337901989746247,0.03185349073118988,0.055980784026199056,0.14907106645956836,-0.05431723444618355,-0.04858180746999104
594.0,-0.031864589783779755,0.019980929083477955,0.050628752073933414,0.047950639050659334,0.034240623207585016,-0.02992067960959317,0.09997432306192783,-0.04295722112897413,-0.047226107055494175,-0.11234785148813743,-0.1174801966853824,0.010304678617104442,0.015892209112675307,0.1154437605580044,-0.08756284128615273,-0.06753979541867965
595.0,-0.054684117999742723,-0.0035149021824063265,0.043774497506663984,0.030198785023148485,0.011731549562030943,-0.016953065983535482,0.0803128187492291,-0.062493620788715384,-0.04793654874014268,-0.09792489471332508,-0.09912407370024567,-0.00906571369618702,-0.03012350348997858,0.07795032187535149,-0.10923333463448691,-0.07098668689762125
596.0,-0.057968100040560126,-0.0074284806459384315,0.05268718552187494,0.018462161925150385,-0.0036776860247622464,0.0019698234874705057,0.06136442446337017,-0.07707458040915015,-0.04642852664270004,-0.08913944588034181,-0.08700868620757973,-0.02155009385042531,-0.06703772665338788,0.0466696124565447,-0.1130391427612076,-0.05995848031391071
597.0,-0.042722904841562284,0.00899112748768202,0.07425963103628729,0.01346011831697454,-0.009397108913580246,0.01869377469994533,0.04713621859706874,-0.08192353576435735,-0.04146559086512518,-0.09015007837560808,-0.08898529171064251,-0.025079443527258657,-0.08220875530784583,0.026302013424596402,-0.09619843268180026,-0.04000065170446044
598.0,-0.01482024640843504,0.037522025173062676,0.10072374308275685,0.01343144752302289,-0.005202924828547104,0.023483143954355305,0.036460691916795185,-0.0760958018200049,-0.030677866388194475,-0.10295683790067063,-0.1075641780231307,-0.021130625046367715,-0.07064776659017558,0.016119803773661935,-0.06083542591596178,-0.018202605168456315
599.0,0.0167102305802887,0.06470127911814816,0.12236575650016894,0.015539646648857429,0.007422826125733363,0.009031327117579077,0.02409860547333583,-0.06268693075600272,-0.01190780699574417,-0.1263786952676292,-0.13877096820462398,-0.013523497688424231,-0.037177204536829676,0.012439058813802088,-0.01336194548852212,-9.109491981021899e-05
600.0,0.0429614499525433,0.07717739506627373,0.13109322371149887,0.016983103344106062,0.025674014384405,-0.026596615397589847,0.0037547248144729197,-0.047875853004694484,0.015796136494592355,-0.15665671812351664,-0.17530746715427167,-0.006363552032051028,0.005122308557531621,0.011363804433441137,0.037659070184052096,0.011943821303333619
601.0,0.05814922207606246,0.06649608616907374,0.12257591692622674,0.015171591020172686,0.04525070329991586,-0.0797099192324658,-0.028618993581793498,-0.03869325000981015,0.0506303628645798,-0.18945688816216358,-0.21152567747311152,-0.0026289390333255275,0.0400202838960229,0.010169679321105641,0.0837763380416499,0.01835011209354997
602.0,0.06084855799395079,0.03183306488394887,0.09637890554044042,0.007485921464307579,0.06041050524257885,-0.1434633292729264,-0.07238875303454351,-0.04054547635492046,0.08696493771630677,-0.22093538192422865,-0.24544867209679655,-0.003801856293861485,0.054715373395832836,0.007189297483515538,0.11791427986761002,0.02098688801348705
603.0,0.05315912714246686,-0.02051674622702579,0.05574395959226656,-0.008094808789873672,0.06527772066659306,-0.21070845181138298,-0.12196597604767533,-0.05574276716564835,0.11662290789777989,-0.2463864899262015,-0.2758317970402001,-0.009975944830261018,0.04423157221932188,0.0013462388021107002,0.13475768377150557,0.02168328705208107
604.0,0.038749880900772506,-0.08043640396395374,0.0077864197846911265,-0.03128367914627829,0.056272383535347664,-0.2750703866541275,-0.16901094221402654,-0.08308636177940983,0.13174969212463014,-0.2588974921757044,-0.2983787791813138,-0.019954765419319512,0.011502371892294392,-0.007903980666079018,0.13151059826120925,0.021436025573363823
605.0,0.021173325906530746,-0.13763336426625805,-0.03759496372531551,-0.05838036034427973,0.03401514138040435,-0.330525048090205,-0.2055185985100945,-0.11791791971622786,0.1271150062818904,-0.25144463287751323,-0.30631473473957715,-0.0315737603838171,-0.035520108126312115,-0.020517218492564465,0.10945251992772552,0.02035029663439936
606.0,0.003020170462201448,-0.18377722098624288,-0.0712495914933663,-0.08328574722593841,0.003213338237754656,-0.37094306347041206,-0.22591898868566784,-0.15265830243946232,0.10112532209616455,-0.22183826110865254,-0.29499013738446106,-0.04253555502100365,-0.08688366031298138,-0.03568525207518416,0.07490879126746941,0.018229258094581334
607.0,-0.014288189947364445,-0.21341415714560097,-0.08861725782530816,-0.09997128902275462,-0.029206904358303556,-0.39024344829604823,-0.22785568798019662,-0.1784999172180395,0.05591793539359612,-0.17591692641657244,-0.2656285179453129,-0.05127127850950782,-0.13255691048800725,-0.05112437249460429,0.03816737077787144,0.01538092073957088
608.0,-0.03011839966199152,-0.22451586314282576,-0.09072322871537555,-0.10453629078447695,-0.056330815571185695,-0.38281955033952736,-0.2123264054230501,-0.18840067911954897,-0.0031192683752340063,-0.12553680871734985,-0.22476689649649023,-0.057025197851771785,-0.16394479790631597,-0.06253494908222074,0.010309747417107195,0.012870347100548225
609.0,-0.04379290271318588,-0.21870627761550843,-0.08221102787106793,-0.09607005026648564,-0.07306086550566009,-0.34424706035006775,-0.1836132075730395,-0.1802268026572403,-0.06830645745762841,-0.08265586668875691,-0.18037931874565458,-0.05925858492164541,-0.17570285142191885,-0.06481937935003938,-0.0008155557499525215,0.011771539433784558
610.0,-0.05404112744368348,-0.20074449563774313,-0.06879374926359864,-0.07674250400217356,-0.07737030057356245,-0.2731604645156751,-0.1488373790685402,-0.15807188762278687,-0.13106331129263007,-0.05361060572762103,-0.13794364338585657,-0.057262313711292076,-0.16722250727245047,-0.05499664689332703,0.0064336997655468795,0.011915065020876001
611.0,-0.05929110417868707,-0.1771059647251777,-0.055545883406323486,-0.051309853397293985,-0.07062953017496293,-0.17454411501008138,-0.11680152351452829,-0.1306040533025241,-0.1830953624161359,-0.0366706355494177,-0.09865472901716431,-0.05051537158538643,-0.14257507275956527,-0.03444572158688315,0.02724678976076812,0.01131819613059958
612.0,-0.058654750786682884,-0.15424081856239907,-0.0460049402416518,-0.025875646449800938,-0.056781222515481046,-0.06239654110197455,-0.09616770776127355,-0.10739596678095523,-0.21672098218018032,-0.023732573804355023,-0.05996054048130337,-0.03974198194128923,-0.10915375600378333,-0.008630908846039387,0.052943593725246256,0.0071042236457400255
613.0,-0.05310491127935742,-0.1374064541714181,-0.04184398026388858,-0.006098149015496055,-0.040830671004616306,0.04179036657812295,-0.09331357674279528,-0.09541387307157494,-0.22530275068133082,-0.005355673926169193,-0.017770199139842745,-0.028021621316200163,-0.0762713547071827,0.015072950881188185,0.0746787460488283,-0.002588812029599083
614.0,-0.045875296832758726,-0.13015153981675096,-0.04283195493717779,0.004586856120356098,-0.027290325271832495,0.11608202728611461,-0.110234427215921,-0.09722569087183364,-0.20525919070425527,0.023423806612044643,0.03044808093393352,-0.02058162164573964,-0.05342016587392805,0.02981067212038549,0.08625997436828713,-0.017154138660578945
615.0,-0.040960152400719915,-0.13374834159530494,-0.04680361685931967,0.0060967009957011205,-0.018917216786750287,0.14710614841513378,-0.14327858691771717,-0.11118251311050721,-0.15845450355348017,0.06040300605482561,0.08331507193732633,-0.0225270205790597,-0.04714362878352862,0.0312564098272326,0.08540889741181544,-0.03344864053030551
616.0,-0.04020643284440099,-0.14654769678361707,-0.049855702523951606,0.001802975351793451,-0.01582085012227652,0.13529119994033,-0.18371951437334727,-0.1328356599522887,-0.09219690675767658,0.09850908011573835,0.1355554792370424,-0.035839898257804016,-0.0578743649988691,0.0194694566715251,0.07389670425527473,-0.046789296291937996
617.0,-0.0414910347308725,-0.16423450590493827,-0.04745942620936531,-0.0026175446391919328,-0.015250026008299663,0.09358130894043613,-0.2203753660813275,-0.15655853688868607,-0.01691237626625405,0.1304903277387642,0.1801290304646136,-0.05798972034377771,-0.07965323026319264,4.3593655688872454e-05,0.056667997159289336,-0.0522674337443631
618.0,-0.039767565645162206,-0.1813341955459431,-0.03654132191380386,-0.0016675639711264069,-0.012859934347133214,0.04134315214926505,-0.24342306067855432,-0.17677338113753904,0.05610694116980639,0.1523110526012597,0.21129062184381156,-0.0831412846771005,-0.10322223871883529,-0.017450329555536735,0.039740746105682366,-0.04621014597665181
619.0,-0.030144809518298697,-0.1929549135690551,-0.017363746381589912,0.0070027504919510436,-0.005510749331242609,-0.002750601021544752,-0.2478195376963079,-0.18874719385744843,0.11606026523918297,0.16424512446987874,0.22751097471844592,-0.10491679078573728,-0.11994689308870592,-0.02439324402882276,0.027652737094679893,-0.027906360367713098
620.0,-0.01089570925398348,-0.1958571405724024,0.006006254467569576,0.021008803476502746,0.00618895331968372,-0.025987419174761564,-0.23464683767656902,-0.18911397097555482,0.15407811224739446,0.170211895623745,0.2324443847323548,-0.11894728666746525,-0.12438717401849904,-0.01830837296679926,0.021928686517278202,-0.000959297991547004
621.0,0.015207633087410898,-0.18898633654065514,0.026824274744217107,0.03428573944010579,0.017720576723191286,-0.024181487888489245,-0.20978434289567535,-0.17622762633582797,0.16527713409589712,0.17561781314860234,0.23257608664453785,-0.12408778874833025,-0.1155968496907392,-0.004165101859164095,0.02099991357552018,0.027023834906205232
622.0,0.04187247938776505,-0.17369911616736952,0.03786958313008857,0.0401885995030175,0.023152790572497552,-0.0016386339243124202,-0.1809104523231322,-0.15034350781824352,0.15057845339761913,0.1843310631068267,0.23304720593434006,-0.12210944724644136,-0.09767609076591348,0.00892344086786435,0.020942939798056153,0.04692514400863911
623.0,0.06201607830297401,-0.15336868974767404,0.0340753481394851,0.034791113295083824,0.018633824889292074,0.03153931577515854,-0.15449265120102007,-0.11351507590666961,0.11663382154486786,0.19624141763390418,0.2349318376788426,-0.11626520645931009,-0.07867669130240933,0.01279837104960354,0.01683437962715474,0.05185260432420028
624.0,0.0706586618528084,-0.1321019253759483,0.014717505433879431,0.018776917286436188,0.004678891642738888,0.06402754474365856,-0.13378110361249845,-0.06918430436614711,0.07308987673123085,0.2065059553421346,0.2354184825396774,-0.10939414964791613,-0.06689263545041502,0.003959512697549191,0.00481336345108003,0.04029751088904009
625.0,0.06644154315928764,-0.11293225700780911,-0.01608421950881978,-0.002847960801889535,-0.014145526525976162,0.08752829460791697,-0.11790879565059928,-0.02178254086731391,0.028703670231987225,0.20666187524801388,0.22954373282941587,-0.10249601691337015,-0.0662707588743932,-0.015699772586336192,-0.01592976056984476,0.016946959271436468
626.0,0.05134748878887448,-0.09647532249503434,-0.051343371799667525,-0.02338965757675797,-0.03189823508104193,0.09908194489458566,-0.10219814425848965,0.023293657016541045,-0.011000320846772875,0.1878303530457352,0.21220170773523928,-0.09475790871316861,-0.07475793908782082,-0.04091255052209347,-0.04241918786008507,-0.009438450562331096
627.0,0.029310535539372958,-0.0809927683271159,-0.08465117757197935,-0.03832289809730908,-0.04445995847677338,0.10122992250525431,-0.08024964552066245,0.0597693202418771,-0.04357383861417562,0.1456010432676054,0.18070440892781514,-0.08506684644134262,-0.08706228697600413,-0.06620117107856707,-0.06893468532525765,-0.029974618431435573
628.0,0.004613460699143742,-0.06386959890808455,-0.1124999947396073,-0.04768410168629765,-0.051171542743345136,0.09979161846950826,-0.047689845271127164,0.08174681754774045,-0.06852595909789069,0.08378912098565308,0.13725584503352353,-0.0736717746855122,-0.0988275979892103,-0.088237139235821,-0.08947837845661638,-0.03948137677349911
629.0,-0.019407061542817555,-0.04358463339547236,-0.1338533742694378,-0.05515333530865614,-0.05426439957460687,0.09937802547179214,-0.005703542523652464,0.08614933210810752,-0.08668652641198521,0.013875507570868771,0.08893210742065741,-0.06266044055448476,-0.10830751613735207,-0.10641193290500575,-0.10041155030816022,-0.03847285481811207
630.0,-0.0411161205026618,-0.021198255691621794,-0.14798477384423492,-0.06479065917339627,-0.05696206865263118,0.09911774749573538,0.03797830641098573,0.07471407465599264,-0.09958558697411637,-0.04984129400070968,0.044238279433517845,-0.05503360073011645,-0.11492033234657964,-0.12179177886666272,-0.10163752893983587,-0.03236680549453541
631.0,-0.06061351091000419,-0.0006940080267594368,-0.15287038530706107,-0.07791240118412457,-0.06143167168834599,0.09235309811618278,0.07134095349870778,0.05404305758119893,-0.10786855199001874,-0.09626708978335563,0.008932624436932974,-0.052898197915837795,-0.11718618009541544,-0.13531445797582622,-0.09563867430066887,-0.02833042710498515
632.0,-0.0788443823194739,0.012251794002067986,-0.14555282568430908,-0.09201858427799302,-0.06743076178317438,0.07094370561777502,0.08254099971951531,0.03355180147087912,-0.10935976715407231,-0.12120952716925557,-0.015284084646309154,-0.055879446784196755,-0.11262692138293247,-0.1464768082584142,-0.08529581549787207,-0.03148928933381563
633.0,-0.09607291955412041,0.012614077409386342,-0.12414410153229519,-0.10214718414009535,-0.07221034209415983,0.030350665792164624,0.0646008865301513,0.022115559282984525,-0.09893131372691205,-0.12722885038095202,-0.029055386762197932,-0.06116562543427582,-0.09971534812784512,-0.15344295336421065,-0.07221334945807621,-0.04228962726483862
634.0,-0.11078658843940838,-0.002010731222806639,-0.0898049633123752,-0.10339453148585658,-0.0717403870606895,-0.028123332408151576,0.018188119180157135,0.024908567194651683,-0.07136632143328395,-0.1205771441737923,-0.03358255215474836,-0.06531140189628626,-0.0796072418485806,-0.15416662186602353,-0.056481622779116294,-0.05608581523329747
635.0,-0.11991320327537919,-0.03062185921214082,-0.047348058285632,-0.09292605217917431,-0.06276063182285872,-0.09755002223403716,-0.04850233784596277,0.041900768463641845,-0.025403659554927734,-0.10702837420968164,-0.030176546632212704,-0.06612049312728027,-0.05589953284121093,-0.14719476359011155,-0.03755410655221728,-0.06532053873998828
636.0,-0.12006801971515804,-0.06866245129959891,-0.004522762931129843,-0.07098266168546141,-0.044788963604470614,-0.16620828976757865,-0.12202955627279012,0.06819023333756571,0.03422081643224131,-0.08823778845233443,-0.01974575666038455,-0.06320695240065567,-0.03313540177923883,-0.1317169913101205,-0.015502553273813915,-0.06347039347257424
637.0,-0.1089314585797849,-0.10823579020549405,0.029426980853864505,-0.04124347966071287,-0.021017215453199796,-0.21956402829471722,-0.1870719707115016,0.09561168680663139,0.09799864278934843,-0.060460899268159805,-0.0017161919049957322,-0.05755872553908202,-0.01575853749393271,-0.10765006739796322,0.007949045716373403,-0.048581013323371273
638.0,-0.08645935899350667,-0.13927439392922597,0.04586911209714324,-0.010390716956414466,0.0026407306792634146,-0.2447303467233468,-0.23010879347697769,0.1155429464708172,0.15488227873031105,-0.016848841466622508,0.025886705970571963,-0.05094688216775573,-0.007616531079819961,-0.0761972338271339,0.029165930035294503,-0.024289830764754203
639.0,-0.05597094812610641,-0.15183256226463596,0.03966478254680654,0.013670008322750964,0.02014021629286333,-0.2357594887923753,-0.24249882549114707,0.1225029617190824,0.19559266139240672,0.04762843878330903,0.06434742630476303,-0.04517155714284747,-0.010722078068796208,-0.04034286478432313,0.043568092418707655,0.0021634498854714635
640.0,-0.024177999717810022,-0.13881926750257595,0.012051598013168689,0.02457199378357842,0.02821599875913118,-0.19617740992789576,-0.22202745618809677,0.11684111926606239,0.21476494940219862,0.1311182715523518,0.11147675895542146,-0.04090783718459869,-0.02325198550646098,-0.004645956883425106,0.04760728335957151,0.023632502578021995
641.0,0.0011338784013028723,-0.09837545103426337,-0.028446522374363382,0.019698479070964385,0.027685917308852344,-0.13743139778087782,-0.17253732417276813,0.10458459492604442,0.2117645710192334,0.22207084723226433,0.1597935944438231,-0.03694462876428764,-0.03899618673922889,0.02558599067268538,0.040632348612044886,0.03608700751688492
642.0,0.01501967823165422,-0.035526557519424844,-0.068638475968182,0.0007562762404425434,0.022147133640442625,-0.0750356536911361,-0.1021939652135998,0.09411327099181162,0.19053065230623242,0.3005966203901247,0.1969568883165087,-0.031040887779018082,-0.05010869102021891,0.04527427171059617,0.025368140670824685,0.03915787220808367
643.0,0.01793726590360654,0.03753227344010562,-0.09569368796136789,-0.026641085664244987,0.01521857515034393,-0.02448539605647656,-0.021421276071668643,0.09183476865722812,0.15817421036448168,0.3444663385578884,0.2092303638769779,-0.021909498017419243,-0.051361757811818246,0.05083923981877137,0.00664734376023274,0.03474713321212901
644.0,0.014956382571889882,0.10408803675900871,-0.10137431626622344,-0.05346072982198752,0.008704240654215444,0.0025436841026394465,0.059073116798880075,0.10018608944302422,0.12200619606437421,0.33724716836257035,0.18703579430671596,-0.00999014810168405,-0.04157321764754056,0.04214917893558392,-0.010673369403111626,0.025905759575998624
645.0,0.012581168758401972,0.14891480872120208,-0.08341145349509704,-0.06855785129043657,0.0029078653654749866,0.0015511272192158193,0.13011013207419514,0.1189259070188353,0.08652434982882701,0.27454987283566745,0.1299157403673007,0.003985138736146544,-0.021108168753920062,0.024213186210796152,-0.023312048323962904,0.016868577976769387
646.0,0.015426386699068059,0.16463351400209142,-0.04468329376030488,-0.06204434955681984,-0.001893497705886461,-0.02300507387662337,0.1851021829298271,0.14685086718410625,0.05296549578223309,0.16607375620893478,0.04840067830305209,0.020563027054697716,0.010447943525434383,0.006515642778892485,-0.030252267778913478,0.012724589704839783
647.0,0.02433192824678074,0.15429682504786624,0.008088076257747672,-0.029798993565189898,-0.004520052749979978,-0.05877882650817403,0.22008459491686355,0.18115014330644022,0.0219787466321315,0.033431423558125686,-0.03817238077700193,0.04109385672065933,0.052977681023623546,-0.0008088242458868176,-0.03265141822133491,0.01738003324311147
648.0,0.03658590954126559,0.1290196238291548,0.06546701899512586,0.02380416128976728,-0.0030813555361448265,-0.0897108105019206,0.2336318622734395,0.21579670800054343,-0.00318304504496908,-0.09564646545699526,-0.10758232647654416,0.06577124364263383,0.10265179889971374,0.008094303593238357,-0.032892576890192,0.031013621098021023
649.0,0.04774974206253418,0.1029556334287038,0.1166986097102576,0.08678533569501598,0.004073732099513198,-0.10217780740051129,0.22776937779371267,0.24223587790469076,-0.016369486466925934,-0.19552070870974217,-0.1430036103512873,0.09219780633794238,0.15096601801886123,0.03182072679337313,-0.03301696361066547,0.049395484852639
650.0,0.053861027931251984,0.08861580580884051,0.1516910540703793,0.14327070015258686,0.017146021306045377,-0.09053940754475194,0.20930741852136736,0.2526524703799226,-0.011912735280521001,-0.2500884248783485,-0.14028547543880113,0.11564912361203977,0.1876993925361764,0.06204965886448681,-0.03330892109497034,0.06581700431980723
651.0,0.05340067331362355,0.09362144832734826,0.16358612499011327,0.17854710418144515,0.03421204357804657,-0.0591493837083428,0.18906185166358552,0.2433682116897487,0.011084138279769278,-0.25591873363470086,-0.10992879622551618,0.13111964601976134,0.20607343713967677,0.08692618762395321,-0.03169031106607977,0.07425076266739232
652.0,0.048572582916609215,0.11855479074152009,0.15168261241406844,0.1844920393097848,0.05195751354130488,-0.019832374570476458,0.17751313402812266,0.21659298707171548,0.0468076875484877,-0.22063501944154074,-0.07210257179019611,0.13634829325688502,0.20664267273836298,0.09657728380598722,-0.024314831741534603,0.0718849342245943
653.0,0.044618592808384296,0.15653091551890394,0.12322273711734874,0.16327161971158102,0.06740951973089108,0.013440405622556313,0.179558577362228,0.18001299466863335,0.08392068215322038,-0.15885645611333274,-0.04719288713564874,0.13385454241296754,0.1970240471530832,0.08854019142350644,-0.007559645751939249,0.06003326737469234
654.0,0.04671339043278203,0.19584061429329072,0.0914689572398799,0.12627255507874588,0.07890283390316186,0.029966691907281896,0.19274927390464627,0.14394234070849612,0.10909878754635102,-0.08753135842541379,-0.046594510386974215,0.12998391240740595,0.18711547187651148,0.06945135803525225,0.01914072501784012,0.04317766838131083
655.0,0.056492966535301066,0.2250175768149683,0.06957629479077602,0.08810530757368902,0.08543832157450494,0.026196479153695194,0.2100673863820122,0.11687367646562435,0.11215062744282767,-0.021179743835299004,-0.0681198269218771,0.131238784217625,0.18314777125220733,0.05105849164232519,0.0512783614027914,0.026606622304993464
656.0,0.0709248982840887,0.23747298661149333,0.06399042998741443,0.05976246481669445,0.08565126970543449,0.007405932280771615,0.22457601698720187,0.1020111924218359,0.0906892358131117,0.03191587656013796,-0.09826093499382454,0.14051176329203496,0.18535952735029657,0.04334467248066202,0.07971167279472328,0.014122545575755215
657.0,0.08396970036539775,0.23330234289665633,0.07205375471593797,0.04514046458019342,0.07770006151554036,-0.014059483844029571,0.23317930236331993,0.09694473391261557,0.050748725205390914,0.07026842651513761,-0.12047654756902508,0.15549003542264167,0.1902425318184318,0.04988606325505879,0.09351892220468946,0.0070336071306623775
658.0,0.08921474556530835,0.21780234885153857,0.08466514496050391,0.04154177246406823,0.060044105565583865,-0.02457231754884683,0.23784246739419443,0.09600732044088403,0.0020424475371095324,0.09546164681547818,-0.12530663065397096,0.16958587757289323,0.19381725459889632,0.06768532778270533,0.08379129820806641,0.004207687847814322
659.0,0.08183025393443191,0.1977004877531655,0.09137817190467083,0.04246304396044768,0.032711495032880435,-0.01621577265100458,0.243004251457226,0.09324388294599685,-0.04833286517235265,0.10711604197755353,-0.11608897222625524,0.17476607204838027,0.19292089658781783,0.08983972679277312,0.04710886851274216,0.002797580573613892
660.0,0.059915758973794093,0.17718371298209967,0.08520870603921975,0.041163365824510724,-0.0013454840867315448,0.009941156644205478,0.25017040952552283,0.08454377357103113,-0.09842939413426968,0.10126982078326426,-0.10642971386506396,0.16532545322389247,0.1847473553314307,0.10857963702086902,-0.012073493740465823,-0.00017964038111776187
661.0,0.025927362233714835,0.15631326640074028,0.06539640828351287,0.033766752489223194,-0.03595193886611541,0.04650670453772297,0.25431536522353876,0.06864687948831663,-0.14886954726353593,0.07345696808177468,-0.11141809094584637,0.14102948952636432,0.16670567414110454,0.1175024304305288,-0.08125919328267082,-0.005906739552864345
662.0,-0.012491379937374831,0.13289332013197058,0.03721845517981583,0.02053780582003887,-0.0634621536979122,0.08546023355584073,0.24615471271922104,0.047293961543530785,-0.1983438509238382,0.023371570544560554,-0.13844752437175833,0.10785880279567571,0.138057394329947,0.11291620831509976,-0.14301320065268003,-0.012878496184504876
663.0,-0.04402374911647264,0.1058816764887028,0.009349260125568849,0.00481038379630587,-0.07779882188663918,0.12181987442869391,0.21875442684743468,0.02462921856601723,-0.24134505450902025,-0.042623991019356426,-0.1829228522832109,0.0756428461186143,0.10238162121274019,0.09445766618346792,-0.18085949928605968,-0.01794872886148656
664.0,-0.05792494282560748,0.07727755477867287,-0.00957012815584867,-0.009323738065849754,-0.07683141277202397,0.15332644466736287,0.17283880343545902,0.005511441413846078,-0.2698197258053216,-0.11254132027678594,-0.2306323782269068,0.05377859444594784,0.068168751961406,0.06508341096519557,-0.1854375328685821,-0.018657948705045994
665.0,-0.04908787205440009,0.051323649031313236,-0.013746326018877162,-0.018821310440176823,-0.06276289466158291,0.17829871983821471,0.11679454738971148,-0.007058263155710608,-0.2770789321667073,-0.1722716218298895,-0.2644143642256868,0.04729689722656433,0.04584782978472472,0.030443619997429828,-0.15756280325571845,-0.015133325012037102
666.0,-0.021159424493567166,0.032212729688081566,-0.0019049758303045577,-0.022293468592488798,-0.040642810366817765,0.19464766276866607,0.06204024388975667,-0.013877225712012446,-0.26102159568099687,-0.20945647738314033,-0.27085866842765055,0.05488941519477249,0.04222014266613853,-0.0024378489310119674,-0.10665999628788322,-0.010339487520057956
667.0,0.01436512789131615,0.022084742315983903,0.022410264835443814,-0.019946216981250833,-0.016210631834980272,0.20111509448262033,0.017552203778234354,-0.01921997037352173,-0.22500999945882594,-0.21635530549449694,-0.24428531162298464,0.06957832477622777,0.05564583908920389,-0.02699017361517786,-0.04632843777700937,-0.00872628033853177
668.0,0.043080041961266316,0.020267893995752184,0.051924242159091034,-0.01351712125237082,0.005698753036836747,0.1990215990190395,-0.012928763825525746,-0.028182061065450088,-0.17669553270423183,-0.19144833685951046,-0.18760315080882528,0.08196463788711618,0.07583460420960876,-0.03891832020735798,0.010020882484873504,-0.013973805202675302
669.0,0.053949737320678724,0.02370789452631702,0.07771344789526927,-0.00609976497711389,0.021836025390389546,0.1918306231531335,-0.03009958357996299,-0.04335528467591841,-0.12608200554831633,-0.13995403136249912,-0.11079897762311752,0.08453002653966159,0.08929739008105671,-0.03746478615891642,0.05219928348183915,-0.026809189065550104
670.0,0.04352974773752873,0.02821403503352683,0.09181771861615193,-0.0010910803092513543,0.030764294912205732,0.18265477911453948,-0.03637958914144488,-0.06287331810992794,-0.08360259133536137,-0.0732661310764997,-0.027908255575771482,0.0745913852804757,0.08702991000488945,-0.02533602966078519,0.07515760116003731,-0.044074165375109685
671.0,0.016655007384110795,0.03024876966011429,0.08973096633584676,-0.00027585204991085614,0.03305349193961895,0.17280316031515552,-0.03363912012790416,-0.08093568796331818,-0.05779269962179969,-0.00653077975188461,0.047114342815150055,0.05473478413093502,0.06925572876062953,-0.006933836977873972,0.07980743570162098,-0.05961934859679795
672.0,-0.0159555205734808,0.02855448681930831,0.07167897693348348,-0.0026396258504569853,0.031178266327520267,0.16294269264654618,-0.02284073322832353,-0.0907475772127589,-0.05230705007032055,0.04637742872178891,0.10519715148284019,0.031231913485067108,0.04441988951146486,0.01381495353436402,0.07215806315996297,-0.06667497721001577
673.0,-0.04208561006617335,0.024423501377429845,0.0419926265405675,-0.005247415011062895,0.028571051045510634,0.15491503920944047,-0.005598931352309968,-0.08855834626202289,-0.06383945890638848,0.07879666084000415,0.14579779863557976,0.01125407592469573,0.023236116358438186,0.03419431880622481,0.06023553248989443,-0.060954053814495146
674.0,-0.05286280999664199,0.02022246437846667,0.007184924110680327,-0.005477657332965491,0.027949115183982045,0.1515837726918141,0.014133202692284715,-0.07643424875077019,-0.08307833202857223,0.09400374041135562,0.17629065848969225,-0.00035687670956151426,0.011418097228652545,0.05182109363477413,0.049695298044298335,-0.04322150857983534
675.0,-0.04599047717128588,0.01732530913368863,-0.026052127580237748,-0.002827964982676006,0.02987877069618487,0.15443279418767716,0.030573631730048238,-0.06190297240544978,-0.09838877739431244,0.10215973665835615,0.20622339318000404,-0.0033347832057443686,0.005973695075709578,0.06353314444586516,0.04105794468197476,-0.01960984548193283
676.0,-0.025773646977837364,0.015080555709596741,-0.052170234417268764,0.0009251717053574947,0.032657109250150466,0.16134414120567867,0.03900205593349399,-0.05444069299615944,-0.09954734533266581,0.11351128462139076,0.24033466929354272,-0.0016519510179815984,-0.0019476784041250524,0.06566884869389744,0.031036811320504957,0.000979533716588065
677.0,-0.00030728641009224503,0.011359640420335671,-0.06726226989813508,0.0032740391059670726,0.03374476461858494,0.16712931250583124,0.038684434409291715,-0.060529567659189376,-0.08009287763804572,0.13226368369154082,0.2754036560932515,-0.0006305800789740439,-0.019485206034988874,0.05638715055636522,0.01688958259441279,0.01098224617073209
678.0,0.02188177280883979,0.003947491724715608,-0.06923990158138389,0.002851296192567557,0.031651402393272944,0.16637628878671873,0.03339540513283412,-0.08025035449575826,-0.039300039785919415,0.15417729377478248,0.30214960858333545,-0.003665212413599215,-0.04557646600028293,0.03832157005355436,-0.0001292037505418645,0.007482507062795382
679.0,0.03378373157785497,-0.008060471774217154,-0.0584441089295056,-0.00021996761427248786,0.02673451847371957,0.15590677766578745,0.029006831742868295,-0.10783100518546881,0.015943542893812016,0.16864620671899316,0.3097166662979472,-0.010853901873944067,-0.0706550307033536,0.018389519248342617,-0.015173835090479457,-0.0067809411995165495
680.0,0.030638334988191514,-0.023332688645617987,-0.038465396467911805,-0.00556947432405241,0.020502925339923834,0.13554355646878902,0.029450159723597085,-0.13555823266624942,0.0715649774658854,0.16416276356498388,0.2900117318459937,-0.020007538360216473,-0.08297779713683125,0.00398703920674667,-0.023339752756617396,-0.025000824335329977
681.0,0.010833841296724043,-0.038457242887376245,-0.015761283298508996,-0.01354424691249385,0.014451004314218575,0.10817795810920579,0.033510179192257745,-0.1578595835333326,0.11109333233871052,0.13457086952343644,0.2411113454302681,-0.028711304802431288,-0.07703996300747884,-0.0011657308454438606,-0.022909566131684357,-0.0395895613901957
682.0,-0.02260076850386025,-0.04921755064195376,0.0027065246778743657,-0.024505456614617744,0.00961878091508139,0.07957430560762789,0.03523553850212783,-0.17270876006095331,0.12364618724022125,0.08303438535172417,0.16996314251757472,-0.035549579983060894,-0.05739524098947283,0.002138228029688228,-0.01573331495700311,-0.04537099352028216
683.0,-0.061208820276617844,-0.0519930675655226,0.012444456308423026,-0.03716505148851435,0.00690249249379953,0.056575505389464265,0.028541168353024317,-0.18001140387155087,0.11052912861133651,0.021690364191531874,0.0929411302874505,-0.03974270329380272,-0.03457773444834999,0.0110661741191311,-0.005212756572921661,-0.04107456023181559
684.0,-0.09292032731792453,-0.0448025040588397,0.01288387939589364,-0.04781565410644415,0.007223956953157964,0.0436706860755716,0.01232229894655251,-0.17916220056315996,0.08521686464273162,-0.032785045536019325,0.031723669159095844,-0.04028118254292822,-0.017116404561484347,0.023389314701599384,0.005873792191257656,-0.028681553235790646
685.0,-0.10670256817591026,-0.02821593063999219,0.00689227023829353,-0.05135934232956556,0.01124114430031253,0.040881506907597405,-0.008534580649843455,-0.16831479596545998,0.0655698366564429,-0.06522710300709031,0.005042895578716427,-0.035862734639294916,-0.0068405081370071456,0.03792561776050445,0.016204307098610773,-0.011440174234860686
686.0,-0.09743769168568721,-0.0054654343144117145,-0.0004491443556688093,-0.04328029700209301,0.019138826944822485,0.045104408820715695,-0.02643235371014027,-0.14580898451454866,0.06350402438661334,-0.06673915773196012,0.0210583296601364,-0.025664154457110393,-0.00016315956913514357,0.053508204694813655,0.025361034026988142,0.007830019484928268
687.0,-0.06779242539442575,0.018961777562893557,-0.0030668426619996567,-0.021361480470743988,0.030698812095774828,0.052820159408831044,-0.03508812703210844,-0.11225556459389693,0.07934930798633023,-0.03685421487659862,0.07479652224964571,-0.01037008461374604,0.007385030986235333,0.06850716035194307,0.03273260147671009,0.026975052865766132
688.0,-0.026553729030185123,0.04113726001758543,0.004230385557802864,0.012969284085104442,0.04514595144778081,0.06084344163888918,-0.03174728189609122,-0.07161897071401686,0.10355010549320065,0.016467196541532052,0.1506125462978704,0.007013393675508727,0.016827452884330768,0.08130968906457696,0.036853532969756575,0.04370995767400109
689.0,0.014633565874344629,0.05827267877664597,0.022909663018182407,0.053595008147227646,0.060493509333242455,0.06533772192581122,-0.017466009215479306,-0.03032547289054648,0.12274281403474147,0.07835907538163962,0.22661389081099068,0.02130530254260162,0.023689530957061784,0.09060476008093975,0.035486011788769686,0.055221113717870106
690.0,0.044575624019659435,0.06802942025647031,0.0485100395208788,0.09005838563430153,0.07301580513223353,0.06178469173953859,0.0035580810346005805,0.005412084848115114,0.12584115714815905,0.13028893547817066,0.2791624371785955,0.02685250592324504,0.019581455728132174,0.09491397312697228,0.026163601190465013,0.059001508714261505
691.0,0.055575398680563146,0.06772334632087613,0.07118589338660386,0.1103684921373581,0.07785096968618381,0.04655187350361878,0.024690301687836636,0.032196007441430884,0.10791154362201731,0.15535435703389952,0.2879547695467823,0.020014391796237197,-0.0027144169726659026,0.09197691590512798,0.007272042491224972,0.05449040872971679
692.0,0.045931704870322124,0.05452693820781614,0.07937589184934803,0.10535062703772367,0.07088869601587443,0.018339716859099704,0.03782915469578255,0.04983411789376483,0.07184668742205617,0.144529490236956,0.24233420095224925,0.0006252343018058566,-0.04365302995474101,0.07872671371791781,-0.020206838435400006,0.04421547389551738
693.0,0.020948778491865723,0.027065408006618004,0.06503816549711801,0.07236275766303739,0.050871569087148884,-0.021586570148143018,0.035550276968902284,0.0595182167758784,0.0279818836305971,0.10091581768554458,0.1471459264218231,-0.028496768115757617,-0.09487064154091013,0.05237136632544303,-0.05125649874966257,0.033234706639664484
694.0,-0.008765590931273276,-0.012592669762047492,0.027936839656101345,0.017003152425284076,0.020364412420508238,-0.06994254425400816,0.013937473753619995,0.0619171057784637,-0.00922771527508136,0.03891931257879946,0.023847325550587103,-0.06306500564323457,-0.14197460547076873,0.01260205865389959,-0.07726663440158524,0.026981962142727595
695.0,-0.031755713759219296,-0.05871801979173582,-0.02337530505169789,-0.047562165306515365,-0.014876682419840205,-0.1219704410175011,-0.025862318023793823,0.05699611626940013,-0.027419377912145593,-0.022193388506241942,-0.0965828293616889,-0.09829765084686971,-0.17034729780824603,-0.036382715058100513,-0.08879810700765373,0.028866844221854895
696.0,-0.04047866377175525,-0.10440500578572927,-0.07465929431853396,-0.10387646738407805,-0.04750333794915614,-0.17173719194320647,-0.07852335366310442,0.045345942277849834,-0.022184721192698143,-0.06706694496215845,-0.18657806503987723,-0.1290312053186363,-0.17136419654614046,-0.0860503950587901,-0.0793841462060686,0.0388437890487962
697.0,-0.033219295663422146,-0.1445656363753699,-0.11170085647969707,-0.13581949461848228,-0.07042066836205055,-0.2126726756792363,-0.13688146766036405,0.02932839230902964,0.0015761987728967408,-0.09016096085704099,-0.2328146342450435,-0.14999442074610422,-0.1463509555625817,-0.12657735359192634,-0.0484853244887456,0.05330199011300106
698.0,-0.012642905991492159,-0.17628068411124867,-0.12588543550149434,-0.1348952462092299,-0.0788681761037111,-0.23908095581836225,-0.19359447752728529,0.01269360583237993,0.03347984035780841,-0.09569176154175964,-0.23861727092519203,-0.15704016004003618,-0.10593830293981443,-0.1512353937652861,-0.002408596208884487,0.06615324579358453
699.0,0.016812849684221292,-0.19625642707192356,-0.11720522537026604,-0.1042496910117484,-0.0725258657092335,-0.24836137335820704,-0.2409137588328142,-0.0011054066102690575,0.06336308104072311,-0.0928650451089068,-0.21880177360554717,-0.14890553929165345,-0.0650781633741248,-0.1594947088857024,0.047163827885433066,0.07083826774258765
700.0,0.0504640938748816,-0.19861743204650312,-0.09360869490254241,-0.05778311629497336,-0.056294027884487084,-0.24243606394723835,-0.2698542408229756,-0.01065021273425864,0.08497184967757589,-0.09035490543195673,-0.192172868314217,-0.12828013830787163,-0.036928921324807816,-0.1567401256030388,0.08679266157187225,0.06265812975964197
701.0,0.08332024826446865,-0.17648882018612377,-0.06716024735188345,-0.013969175273371711,-0.038364227843051595,-0.2270526075222826,-0.2717277531278459,-0.017241603283240987,0.09651733685681235,-0.0932185621261303,-0.17540020790083272,-0.10126100313601195,-0.028784133611959126,-0.15038003986601686,0.10596753226566809,0.04054096057989352
702.0,0.1096262702229756,-0.1271597836988141,-0.04876502294436313,0.012500885873922344,-0.02619708387718268,-0.20900282811392687,-0.242822210373813,-0.02393314236442253,0.09978359570254659,-0.10276303794590987,-0.17918201137185763,-0.07527358587815627,-0.04111333405812,-0.14494080391577085,0.10104685108735333,0.007545686125809742
703.0,0.12355265601000143,-0.05661948070501628,-0.04391872811120501,0.016260686418518758,-0.023094488087734868,-0.19283946506449548,-0.1886346741031214,-0.0331835254407955,0.09912343720020078,-0.11777227946606562,-0.20659721109265233,-0.05636966189833246,-0.06910843488866301,-0.13999752390967535,0.07679718954349544,-0.029895052396569345
704.0,0.12136160420931563,0.020545003002211636,-0.051142341829802915,0.0014646233771585194,-0.027518830789585384,-0.17933705981410802,-0.12331441796679009,-0.04456009285793002,0.0999154301216343,-0.1353463635630329,-0.2531893773121532,-0.0470099083628007,-0.105170987893057,-0.13204498875766615,0.04472547135783518,-0.06343842628853925
705.0,0.10382503218412525,0.08599002576602963,-0.06306673194803702,-0.021814424878305743,-0.034889930735770194,-0.16653239690876798,-0.06396420176281728,-0.054165339615182745,0.1061373242895272,-0.1511072494679082,-0.30801304901476195,-0.04528685493879403,-0.14059367322712618,-0.11767224077225318,0.01846646084945186,-0.0846690082706245
706.0,0.07696871177897459,0.12416255976667487,-0.06959265159573388,-0.042261358288399956,-0.040334240925677174,-0.1516916457416786,-0.02357852194245035,-0.05646511995523256,0.11817853289431203,-0.15961005781358362,-0.3553889627710401,-0.046091007830474214,-0.16610770969671265,-0.0954410917279895,0.00793977365938003,-0.087320148744885
707.0,0.04986424193510785,0.1272671806726873,-0.0625168355061196,-0.05153830870843922,-0.041147053510905106,-0.13236830112781947,-0.00710072609300216,-0.047721507637460546,0.13263249163554602,-0.15521456632535274,-0.3778980893460171,-0.04373820337089778,-0.1728041980634707,-0.06660772388658558,0.015121145177482436,-0.06950069275366752
708.0,0.030274695853621473,0.09697660909438606,-0.03973541158001557,-0.047028488635480675,-0.03788882730692264,-0.10697678449220491,-0.012145803354899804,-0.028959709654014454,0.14436857458494845,-0.13317604571712366,-0.3609583527036343,-0.034705397310802896,-0.15466269821955417,-0.035625595098063755,0.033618997633610946,-0.03496373174492663
709.0,0.02102236356392004,0.04332327570253657,-0.006250238806102841,-0.03182197354666854,-0.03326967379453281,-0.07581186665193702,-0.032012019309126095,-0.006302577141367617,0.14903204075076468,-0.09120432695105282,-0.29820018943519533,-0.019103795335424906,-0.11170724221181928,-0.009580129265910531,0.052202624221149664,0.0075453147196523716
710.0,0.019539281774820377,-0.01782759662045267,0.02867066620245166,-0.011927541571845878,-0.02961222017046001,-0.041733860724510345,-0.057774511556142306,0.011689312502968518,0.14418021762086114,-0.03136774879662546,-0.19567213062045177,-0.00038815320094041776,-0.05156663304375527,0.0045460782820417964,0.060457459361263906,0.046962383873428146
711.0,0.020332393889065853,-0.06845839913883528,0.05572158439287131,0.007062181081180848,-0.027312372446531074,-0.009658371395888899,-0.07915357775093908,0.01779246998805725,0.12919243617380863,0.03875153712359133,-0.0725498811083003,0.016078217162036185,0.011860807412985284,0.003549682209152145,0.0534657425640953,0.07347632023195458
712.0,0.018202459119183965,-0.09373432124653946,0.06866641046043287,0.021853715678869123,-0.0255335497784299,0.01455249181082643,-0.08608845617189659,0.008978487634554022,0.10485860688710971,0.1064985993465064,0.04320069283042034,0.024798482510124713,0.06249518922131203,-0.009640471214743134,0.03293600119024982,0.08156262468429182
713.0,0.010446049537788655,-0.08744482547642506,0.06571761731574671,0.03185074887829624,-0.023758986377432564,0.025186781166762238,-0.07176120845006041,-0.012441355507553459,0.07289223956907588,0.1564115159558065,0.12381136556604344,0.022043810129407374,0.08771254100405856,-0.026279385549004997,0.004934794578257485,0.0715476199517493
714.0,-0.0026861150283541127,-0.0541856821816734,0.04928050867708082,0.03844100662011199,-0.022418107214161494,0.01818002172538681,-0.03592941196423977,-0.03984669369938023,0.03537557008632324,0.17438972963499672,0.15207374024998022,0.007512339058262439,0.08313045987786534,-0.03533847025832366,-0.02340739770146528,0.049032362733092104
715.0,-0.01917362357211012,-0.006888036589730889,0.02430253961232783,0.04329788030504972,-0.022359285875016014,-0.0067730488722400495,0.013089012045809489,-0.0654152040059495,-0.005479659378779072,0.1531386425460678,0.12815628714689528,-0.015365037004167977,0.05378957117183772,-0.02926208699399682,-0.04634557117296797,0.022087297477207342
716.0,-0.036942798121977524,0.03863127262067706,-0.0037605458614792587,0.04663679970396047,-0.02388669055187307,-0.04442311063371688,0.05979962692025109,-0.0833894788761895,-0.04687493277029275,0.09678866192666488,0.06964041612515448,-0.041017273315554235,0.0112657164519932,-0.008583526380604011,-0.060733495696651256,-0.002457555135755543
717.0,-0.05460093093636652,0.06976103966732405,-0.030122339427061343,0.04692722971548295,-0.02589971729457795,-0.08387968283408649,0.08757514705385715,-0.09120878434345746,-0.08471203441877617,0.021544780683146535,0.00484477800297841,-0.06394189276328589,-0.03055889172550439,0.018169775001468977,-0.06589341839397463,-0.021416899817725283
718.0,-0.07084759110840715,0.08168283952369586,-0.050714041705937955,0.04252048872347024,-0.02566165941300239,-0.11125153034336241,0.08692042146396439,-0.08842237005239949,-0.11378717252602896,-0.049600755418484244,-0.03812029654272403,-0.07985249495975971,-0.05847456531619024,0.03952270708587999,-0.06221257549408264,-0.034965324235778694
719.0,-0.08385803337399082,0.07801766079002236,-0.061948095123798126,0.03381028847607335,-0.019996283616473855,-0.11500224727159003,0.06014481419994838,-0.07538517452187891,-0.12925031507450127,-0.09628174096417129,-0.042540150249036145,-0.08589375086175298,-0.06240999054767832,0.04724647768064076,-0.049829488831152915,-0.04441893731018827
720.0,-0.09185058125031997,0.0667462819052961,-0.061323901176101335,0.02390961955851656,-0.007685554132267936,-0.09200807815279351,0.018903708283968017,-0.053363411970664805,-0.1283736623089138,-0.10925808931679015,-0.009642843958445663,-0.08116985688548368,-0.039084820147744205,0.03949587962410301,-0.028986446771741264,-0.050335445427226275
721.0,-0.0942071975976055,0.05429017959137935,-0.04898711484577753,0.01718945448669328,0.008950739270355777,-0.05034362510699092,-0.02264857693190507,-0.025391047666915235,-0.11179213749517863,-0.09350680075085781,0.042988026929457857,-0.0676096234325501,0.004903587803459606,0.02013192524490718,-0.0015030285759524392,-0.05228175321596355
722.0,-0.09162272126310897,0.04219098382108618,-0.028758826208600152,0.016845798014821313,0.024924285995119765,-0.005796737835252566,-0.05344791917250338,0.003965011842118071,-0.08380900526640589,-0.06463157842774513,0.09076137407603771,-0.04982071369250203,0.054390340627077136,-0.003737076065442185,0.028660750231199846,-0.049709512498330825
723.0,-0.08505548487642194,0.0286270701339285,-0.007039021236630167,0.023228820373474082,0.035195478186001015,0.026162847635874675,-0.06707494190317306,0.03026716025009284,-0.051093888727033264,-0.040549895881353534,0.11436891460788291,-0.03318331337447375,0.09198294668409686,-0.024257529130846826,0.05664896188309829,-0.04285538509628971
724.0,-0.07458369436689447,0.013219547717953974,0.010230049913112327,0.03398906271646291,0.037223198984097476,0.03760427815416377,-0.06048512181421005,0.05109527947958484,-0.019962619087656314,-0.032677589087697856,0.10821605129884092,-0.021105996859980714,0.10587870338984084,-0.034978435738648436,0.0786203333952704,-0.03315181378041253
725.0,-0.05920984188080364,0.0004612186841636466,0.020517409285946177,0.04588801928072576,0.03217593308089784,0.03083611128350664,-0.032746741558507264,0.06717839473859577,0.0058310571754368054,-0.04124679384571204,0.08094741154660072,-0.013192285072398188,0.0949520847496766,-0.03252582773865355,0.09254853211316186,-0.022984332440599147
726.0,-0.037930994976794745,-0.002395940697649441,0.0254915275344285,0.05687616573501026,0.02428034153567163,0.01667025044894089,0.014303800837859877,0.08217758490895827,0.025176856777741386,-0.0570612522490017,0.04939199754865921,-0.005480021283367382,0.06888452265933048,-0.017241257075070883,0.09764318738247543,-0.014680863298076762
727.0,-0.0114716756768711,0.008206924132513801,0.02951085280295876,0.06675769436227968,0.018643463687428113,0.009577367284157437,0.07406720446764833,0.10070111297072046,0.03807419144905525,-0.06808843454328083,0.03014329712504468,0.007282029661562276,0.0433668059547622,0.00756727277227514,0.0938212018449251,-0.009138983311429214
728.0,0.01660951494496455,0.027480173704579496,0.03725330207793812,0.0760823942704548,0.01870364444131946,0.020861589352761035,0.13405742271966625,0.12508204714757576,0.04397841562924094,-0.06646453605673837,0.03234072041721441,0.028378952081173494,0.032328497166432685,0.037087683036504525,0.08208050924403373,-0.0054078154074557235
729.0,0.040424773520451,0.04397675139288016,0.05149376618958424,0.08459107612211547,0.02458046439320214,0.05243857913871931,0.17748234626063117,0.15272926180799354,0.041054281001587985,-0.05159234854168705,0.05422424217825843,0.05666799141728827,0.04082167138916502,0.06618890381435667,0.06502039040705478,-0.002082591332045383
730.0,0.05379112374277769,0.04601179407706223,0.07148398487572444,0.09078334458005513,0.03325794494758389,0.09496570352458333,0.18810351016287763,0.1761606194423477,0.02695383830246846,-0.027986155882842586,0.085244172369708,0.08653764694697624,0.062470934338984214,0.09032752059831835,0.04662864308819374,0.000791542467943229
731.0,0.05280335751016491,0.02779451471064727,0.09275901098010811,0.09280972212230032,0.04072982862181141,0.13198150557910798,0.15717861537234934,0.186366224581847,0.0009888989479650283,-0.0004520174224282864,0.11277390612455374,0.1103833121452357,0.08299934408824117,0.10660269360064101,0.03127540481270053,0.0015024361426112852
732.0,0.037760700115576015,-0.00768531624218378,0.10894068049381042,0.08957724053058898,0.044689373311169185,0.14822300212849815,0.08928075855669756,0.17769142513985023,-0.033944255087671404,0.029068026523584516,0.129141217285156,0.12199808170454605,0.08787139693090075,0.11450239001470448,0.022275898290735507,-0.001608288005307924
733.0,0.013613652003918236,-0.049241762181258295,0.11477657780524812,0.0811672490615636,0.045635506253083755,0.13773251169729542,0.0031023398275790448,0.15114262652619131,-0.07147466635544637,0.060927687761566464,0.13457474971829608,0.11899458376825425,0.07019404009009376,0.11564345700770104,0.020617859342833864,-0.008282016198575205
734.0,-0.011328918143657192,-0.0815514816655564,0.10871833488493651,0.06873370145226029,0.045798592629845536,0.10686477962887293,-0.07471636143121269,0.11408860658564349,-0.10356034684417346,0.09526109475715429,0.13498365556825928,0.10333559402443059,0.03483427274429832,0.11271170084052794,0.024586660247192922,-0.015940874258567828
735.0,-0.027804552603897945,-0.0919260207171429,0.09371759185603933,0.054394417724687734,0.04731972102441782,0.07045115572104171,-0.12056127713209462,0.07679147619862585,-0.12228094467107643,0.13051529805583964,0.13704900896208266,0.08031125015553377,-0.003681546174210654,0.10832788511424078,0.030613687306321566,-0.02083421377653106
736.0,-0.027971339457409303,-0.07640088488838455,0.0759233208910128,0.04103601067012554,0.05120762329739432,0.044019821626667614,-0.12365146239085205,0.04823907704818114,-0.12114339969056222,0.1639325080061768,0.14425344866366252,0.0570205490838728,-0.028068794976537966,0.10436336112616047,0.034935269608018384,-0.0196835342916
737.0,-0.00746740758464306,-0.04103145440494715,0.061789283544297156,0.03147436587247081,0.05715914194347239,0.03649270567261655,-0.0887962421991909,0.03367243341374371,-0.09681912836667488,0.1925525461432239,0.15578599667281406,0.040837916859894505,-0.025613860620297125,0.10177828511296252,0.03513812016332894,-0.010927929297882489
738.0,0.03249621545252121,0.0025237421215739716,0.054986230440953854,0.027002093319269973,0.06363587668302084,0.046423160863964204,-0.031285166667942725,0.034112834187804884,-0.05153764190202323,0.21341917359232654,0.16771500335666703,0.03744215363608627,0.007360230054234768,0.1005839524733637,0.030660322050520827,0.004550184651042539
739.0,0.08403197685114125,0.04371790304201666,0.05513000963725873,0.026489103493536302,0.06823103538142927,0.0633581431139951,0.031276760539474875,0.0468203496051847,0.005404584288989369,0.22334703251378185,0.17503508436026077,0.048638871420290934,0.06462269994299936,0.0995943240498742,0.02200215044978027,0.023332990540774416
740.0,0.13433673356309453,0.07700469359660354,0.059082728588142897,0.027036300442278265,0.06864698563413697,0.07379685436078268,0.08483290966843689,0.06622479102299558,0.059075880681131704,0.2192336989450051,0.17396177801921678,0.07132920454874224,0.13228745306424206,0.09632854765140374,0.00941363989749026,0.04034598409038787
741.0,0.17007409453755576,0.1005082310677237,0.06311384335207613,0.02556721968065315,0.0637263794627121,0.06842304353289295,0.12078902376667607,0.08529398938534362,0.09379981311812116,0.19908344178913115,0.16383373757815825,0.09833131006939883,0.1928616382510409,0.08769981011031104,-0.00778568804951853,0.05050809468018307
742.0,0.18186678941607926,0.1122043855285289,0.06387971126087996,0.020025259483502214,0.05357410000699313,0.04676500926460516,0.13543607929865906,0.09690175044239313,0.09949810160785563,0.1630352249886354,0.14720436014769855,0.12055657743694984,0.22955336915739874,0.07150453882361683,-0.03067003959211637,0.05051729661137277
743.0,0.16690895028247352,0.10846903034551358,0.05849311154554893,0.009822458134357575,0.03894513125977584,0.017689900575356556,0.1291588333152863,0.09521935744763255,0.0758535994855553,0.1137073495157741,0.12753633119590052,0.12999925537386642,0.23062581146005512,0.04805166743076414,-0.059406462573374265,0.040258544002971366
744.0,0.12928110107563578,0.08656315246392905,0.045130948690309224,-0.004255508863721291,0.02084844140458671,-0.003916285769870536,0.1065869227069874,0.07753554632727228,0.031658419247282125,0.055915307737160115,0.10623817187405823,0.12275271489049511,0.19346678862674777,0.02069235451475886,-0.09233741224429315,0.02316434802083637
745.0,0.07813239721020236,0.048227014736665345,0.023963879779784356,-0.020807976809650706,0.0004411935661985794,-0.003430499867232849,0.07652211627709268,0.04570399342952919,-0.020231169247577493,-0.004116929472560637,0.08130797018399195,0.10035975721417836,0.12575826490334485,-0.005919255455501457,-0.1261517234155257,0.004916640720679602
746.0,0.02430885913749832,0.0008397905247528484,-0.002942053263556923,-0.03881647289821751,-0.021211578757325086,0.026164706111797612,0.049835517343741226,0.00579702541213734,-0.0694322674933908,-0.06059193220364293,0.047901423931794425,0.06844753547954491,0.0418511681469253,-0.028757681048612146,-0.1566259941843524,-0.008835278708592399
747.0,-0.023152208851060885,-0.04495894293363098,-0.032739381389455875,-0.05790511601608804,-0.043186420853952204,0.079469718616139,0.035660426432272324,-0.03402445938006447,-0.11257949800291049,-0.11061562258222615,0.00013500740358019574,0.03374479170290049,-0.04304158689198862,-0.04753481492085025,-0.17915053293225636,-0.014229732846311955
748.0,-0.05926565496330929,-0.07969586871329418,-0.06276321900924103,-0.07795102119069046,-0.06431150793326086,0.1395787083485991,0.03781198347753889,-0.0660444927854898,-0.1535160482269325,-0.15491314356609054,-0.06580296786926881,0.0015303062480919165,-0.11655771512981146,-0.06312193836207991,-0.1894974581579775,-0.01002920002665528
749.0,-0.08376577787882176,-0.09885819035195478,-0.09072309831072453,-0.09889658195582401,-0.08303322842169364,0.184833530060726,0.05299427100313084,-0.08476583793625622,-0.19927718645448958,-0.19529615801720915,-0.14774964531774362,-0.025240123189052714,-0.16976164534956253,-0.07574116176552649,-0.1856033785043889,0.0019061070102179309
750.0,-0.10015370398919615,-0.10383288284990612,-0.11437323003848258,-0.12071654615613037,-0.09793822210668655,0.19817798276790413,0.0719666587265955,-0.08767706002112544,-0.2544072505129544,-0.2310170639812477,-0.23545969457879615,-0.04510321553347326,-0.19655142229293734,-0.08499815987278188,-0.16919468157445505,0.01672293247719099
751.0,-0.11285658125450604,-0.09961343043186112,-0.13136705116151468,-0.1430041536816848,-0.10836129553682024,0.1743107789859596,0.08410725329049808,-0.0752386858401579,-0.3166936357629781,-0.25748071974772485,-0.3127641891048653,-0.05668879396118164,-0.1938300682605676,-0.0910254869780154,-0.14529490165945927,0.028070047786018255
752.0,-0.12369119003385205,-0.09121044279114525,-0.13973082138605514,-0.1644550820913401,-0.11458292560586633,0.12095171142251246,0.0831064481489637,-0.05042647249313185,-0.3763279853192316,-0.26830895933639487,-0.3634498542594139,-0.058353862165101744,-0.1626815292233861,-0.0949099345838759,-0.11994192108506238,0.030727131130499373
753.0,-0.13044169599574462,-0.08150410708165425,-0.1385777238451353,-0.18295779059642786,-0.11763670052547098,0.05382474736508941,0.06963418320702602,-0.018370661156123767,-0.4188475713729837,-0.25914987411365875,-0.37779011407777224,-0.04939359898941578,-0.10928943083807556,-0.09802073449024118,-0.09812056755210015,0.022768517231778147
754.0,-0.12890948161560575,-0.07137077368028791,-0.12869639274909234,-0.19650433786412697,-0.11891040491784957,-0.011411111184182254,0.049524009553923665,0.013672633035387023,-0.4306017997463902,-0.2311305970403165,-0.3567248858572189,-0.03162527027606004,-0.04442209741813734,-0.101402987367185,-0.0828724658246314,0.005936423673788478
755.0,-0.11654650153832052,-0.06091710244474087,-0.1132174620961455,-0.2044697557764543,-0.11978283040887862,-0.0653146140721378,0.03000850544119026,0.036862256660974674,-0.40455533485109013,-0.19210752505357268,-0.31196290429458784,-0.00965005693931827,0.018280333247016837,-0.10604216725387301,-0.07533077173032221,-0.015635313399445367
756.0,-0.09476084508978284,-0.05114858125162419,-0.09793715511378401,-0.2083193326239704,-0.12150055691596619,-0.10573333430237024,0.01643511299646851,0.04283887453371168,-0.34411470547083245,-0.1544445955416271,-0.2616777249764999,0.010489155251059886,0.06435861232402999,-0.11341842124569917,-0.07554921409478361,-0.037268404331249894
757.0,-0.06886015969164153,-0.045985288251654544,-0.0900565606990871,-0.21102598046528329,-0.12525926958067315,-0.13497117422593097,0.00991712851021952,0.026783197939414388,-0.26347206526674144,-0.13025419128482588,-0.22387569891256698,0.02306010518718322,0.08099091624637288,-0.12528670753359938,-0.08393356156389149,-0.055196971387568794
758.0,-0.046409265759171245,-0.053212056711848886,-0.09516007247800491,-0.2155432800946933,-0.13220339622813296,-0.15667410356478667,0.006610683664999212,-0.010234149514935523,-0.18439478687044025,-0.12718636222131038,-0.2110678797764937,0.02391247799202672,0.06035904567957312,-0.1423193231458533,-0.10213069995564476,-0.06722220592572932
759.0,-0.03486428079768263,-0.08243322808852968,-0.11404017293445119,-0.22347166946379649,-0.14311257371856423,-0.17417937356484967,-0.0002622849424901769,-0.060773696005782696,-0.1301867216935314,-0.14655998755763394,-0.22738422440384595,0.011437286639028698,0.003134997512809503,-0.16250797480845633,-0.13212497040554824,-0.07260404467130242
760.0,-0.039052280636545394,-0.14044624025112298,-0.1415046974662874,-0.23465687751268507,-0.15789236147380115,-0.18969559991637835,-0.0164572470560398,-0.11256565912395028,-0.1182696328931735,-0.18294225511300685,-0.26652698942765796,-0.01266877799931537,-0.08003492792087544,-0.18100257026776922,-0.17392250725564756,-0.0715148488954025
761.0,-0.05952278014308774,-0.22700800178712435,-0.16833546393719373,-0.2473937917971194,-0.17517361002682041,-0.2039233329789119,-0.04359847835442308,-0.15163079887526446,-0.15435163532141882,-0.22478671256193797,-0.31125327429692246,-0.04355663221390838,-0.1706317835877374,-0.1919378442338764,-0.22363010296130348,-0.06448799290735914
762.0,-0.09279380046599907,-0.33316355107573775,-0.1854516258989354,-0.2585320901859296,-0.19207156114918356,-0.2161600335379074,-0.07871334763423599,-0.1662240513638177,-0.23088475293584312,-0.25739002898620084,-0.337983690960042,-0.07490940715286479,-0.24741129904917783,-0.1907180095762939,-0.2730705742046735,-0.05217585354200243
763.0,-0.13292181385032148,-0.44182459243851746,-0.1876738373542648,-0.26342700071845265,-0.20397565934928663,-0.22446378985595822,-0.11590805549824251,-0.15071418632332573,-0.32938223172064496,-0.2677854314120735,-0.3268145168833813,-0.10141081773135663,-0.292493789044704,-0.17510322084943652,-0.3104831667188136,-0.03561478260472966
764.0,-0.1726502855978583,-0.5303504527032962,-0.1750260452632177,-0.2561923347150846,-0.20473752189045608,-0.2259635974848552,-0.14919955297738152,-0.10839232150842727,-0.42424902710849427,-0.24867600701955003,-0.2709054890569939,-0.12043862441473695,-0.2965116399811726,-0.1451949593558028,-0.321815078296408,-0.016912717936166177
765.0,-0.2035917342128658,-0.5757927486425853,-0.151211530466012,-0.23034661323003686,-0.18779969818505485,-0.21785092819127444,-0.17542939548622005,-0.05150109280686985,-0.48712748703909003,-0.19934164527690545,-0.17857696326709147,-0.1320142385276815,-0.2612585005635391,-0.10304211475856488,-0.2931305504987114,0.0005763655296190117
766.0,-0.2165047805957006,-0.5616749868178987,-0.12022807835178247,-0.1796420651082068,-0.14791676313282293,-0.19835353437800068,-0.19500616263088766,0.0033503924696225104,-0.4921093631363964,-0.12408822379629875,-0.06762798902937284,-0.13697149473759263,-0.1980898932395264,-0.05178992509188507,-0.2145088873850735,0.01368708695710789
767.0,-0.202836407119653,-0.4833046691450071,-0.08335234208685735,-0.09967067601937828,-0.0830030960983353,-0.1666450799399332,-0.20917838069968142,0.04304597508562298,-0.4217883742473169,-0.030110815332241733,0.04298979961467841,-0.13454553936475236,-0.12216180836292971,0.005369048799654985,-0.08499895954618086,0.021734934203335374
768.0,-0.15786649530862285,-0.34942243664913647,-0.038966500810360696,0.00882084819653621,0.0036493958724495724,-0.12254645511754336,-0.2162333724249834,0.06356751128063347,-0.2730186419877754,0.07385348174105069,0.13918976385820828,-0.12181079504111202,-0.04613359729467663,0.0651639048183344,0.08268402978386591,0.027240489733688644
769.0,-0.08423706557499663,-0.17958424424370464,0.01474188448638851,0.1363162791140161,0.10176076262558492,-0.06732377582147389,-0.21056682639554622,0.06922526390083454,-0.05973209837476245,0.17830357437597266,0.2141349107304144,-0.09603553066841021,0.022425637097669676,0.12303205098173098,0.2612008408603242,0.033876653439052135
770.0,0.006758221157201225,0.0019702183760922634,0.07678003342229534,0.2644647914992144,0.19561007282954662,-0.00461072979925242,-0.18572421579840312,0.06758240842102574,0.18976988790688268,0.27440437762044656,0.268130034363566,-0.0576296463192494,0.07927592592907505,0.17277393141664601,0.41519423171017006,0.043239751702822245
771.0,0.09801448908742331,0.1734946641888021,0.1420766874466968,0.37139810036703136,0.26920578574840914,0.06026407669979987,-0.13876168425849608,0.06507086995885436,0.44035055124675804,0.3561826527140896,0.3072144381424054,-0.010738824670165131,0.12052256366366502,0.2083745646663517,0.5139433353411272,0.05336472862897166
772.0,0.17268993772799177,0.320696136162665,0.20204408860920434,0.43963946833265455,0.31203386169328745,0.12203090805964392,-0.07262543499215197,0.06552110542790271,0.6585487090815135,0.42187950711476374,0.34065097017764046,0.038493291960784,0.1419931675911603,0.22660429107473362,0.5427915914680825,0.06039584180611972
773.0,0.22017310392770986,0.43773407199069864,0.2466584155134354,0.4621142196404324,0.3220564575702146,0.17664192039120533,0.004542765913503122,0.07047157566035396,0.8188844998940215,0.4729179021401614,0.37702868174523646,0.08395861577593734,0.14171064201088227,0.22841041623189182,0.5070812728920525,0.0617787656399076
774.0,0.23876305421034036,0.5250976143291517,0.2679365420320888,0.4436235643114413,0.3050775404237416,0.22181728158620645,0.08226860927544101,0.07982414855740239,0.9077457811686142,0.5107862813522992,0.4197910559293564,0.12094077728432388,0.12294276073967673,0.21844949017516746,0.4279618921986174,0.058062516941939236
775.0,0.23446053846698905,0.5864372858527523,0.26372389229915655,0.3978173446842614,0.27176221760709757,0.25781843508966784,0.15122037488932297,0.0925571064242691,0.9256694918236917,0.5342180076373058,0.464768659781354,0.14713966798028677,0.09479874368173213,0.20310616264600695,0.333525307174701,0.05225053194289185
776.0,0.21747536862325817,0.6259862398200113,0.2395520145834792,0.3417645630181118,0.23408723235696885,0.28754738192313617,0.20576049732111404,0.10753391597485734,0.8872138764929985,0.5394050424111251,0.501978467948115,0.1632186197643191,0.06966353734585143,0.18791100018977705,0.24939539598446592,0.04790647084372407
777.0,0.1981628098947115,0.6474914185397159,0.20699722174360113,0.29069095878448564,0.202214537122323,0.3141523778941697,0.24466788774848022,0.12402487059635749,0.8171113593768186,0.5234422002134378,0.5210751941107561,0.17209581078697186,0.059124756479135926,0.17552867732023866,0.19180696308700199,0.04755922193287713
778.0,0.183551238722071,0.6547723479406038,0.17921035022644807,0.25426292550386703,0.1822126324775,0.3368085441974329,0.27015323667694396,0.14127673565495275,0.7433287357567558,0.4879880891389648,0.5172131863247292,0.17705567789655563,0.07046201240798383,0.1652410162543951,0.1649044073261557,0.05210832510961632
779.0,0.17573904127488107,0.6528337632174124,0.16606898378492832,0.23502267508326302,0.17520189431739108,0.3485427523503103,0.2860439351900387,0.15734511567428747,0.689111731615945,0.43995304762071796,0.49382558370033064,0.1801223598350004,0.10487707889884744,0.1545013775809026,0.16254746615161478,0.06111055283537471
780.0,0.17288011880692222,0.6479552378611818,0.1712295980407882,0.2296265989207554,0.17823242223938604,0.33954747505117844,0.29618128411209976,0.16885559244660137,0.6660349237308064,0.3888383197341946,0.46074904150441526,0.18212755332463137,0.15774218965749492,0.14205205647122368,0.17306909091398273,0.07335802813958503
781.0,0.1714582482110851,0.6457608015967571,0.19157753332417343,0.23219686909350312,0.18614209021607667,0.30451764138806,0.3033422780987997,0.17260506329366962,0.6700721192807308,0.34258731024869066,0.4287458645937305,0.18392317321920876,0.2202539976925146,0.1301614854659245,0.18419859870096456,0.08716115826091876
782.0,0.16760719819407313,0.6472969613634305,0.21836701160704988,0.2371786560659257,0.19310729739760796,0.24760993252477514,0.30789543068596625,0.16732271769689777,0.682701882870506,0.3039197908279273,0.4034519081352814,0.18634751983761771,0.281184688328968,0.12348233077555727,0.18605696337887512,0.10003377961792836
783.0,0.1571649659923265,0.6449634515318726,0.23977002204724293,0.23981454038939035,0.19341229294980372,0.18011880065086844,0.305851282838129,0.15348196139840345,0.6777222750762502,0.2689859203642812,0.38244387194814594,0.18798216019297168,0.32818598375338126,0.12498473489720562,0.17227313323832014,0.10796206952819475
784.0,0.13614336247440123,0.6218415343488843,0.24460725460221067,0.23502778040001804,0.18200966839370963,0.11326310956102469,0.28804232362942916,0.13137523690993422,0.6315865475473101,0.22979996577978795,0.3574567448830039,0.18325042410447726,0.349611097427987,0.13211845615120235,0.14050262766721328,0.10517614166171795
785.0,0.10242573450135,0.5568222949040407,0.2257567289298403,0.2169325829237355,0.15549992198588203,0.05256678797835976,0.24281688574309737,0.09943785467426715,0.5327475308174553,0.17948151301223045,0.32004021298877944,0.16396455027866674,0.33753404367216083,0.13621867934577367,0.09280685201365294,0.08545762067977096
786.0,0.057609391518381195,0.4341691756971162,0.18173620067962876,0.18036257261457947,0.1135432971169467,-0.0029490917145763985,0.16226314904630065,0.054523555587595786,0.3862900197988216,0.11672508230139056,0.26640222292138005,0.12413187795358925,0.2909423730510637,0.12595446633933507,0.035451953092915774,0.04501780832873405
787.0,0.0076343226266677635,0.25305538186875093,0.1168038453839531,0.12382365204088619,0.060064288478173446,-0.05820978172969648,0.04880683944067541,-0.005631726376171566,0.21283458698367932,0.04628750709711866,0.1983184836680863,0.06476476551921503,0.21739609959583234,0.09309907243175022,-0.022099404012611595,-0.014189324054168681
788.0,-0.03843412134806525,0.032071673025620834,0.04029165860056003,0.05171459044004821,0.003124087875415093,-0.11846790779935089,-0.08215287585162231,-0.07942641906704327,0.042091327609976394,-0.0247426087855386,0.12033743657777919,-0.0049178496493810534,0.1319458489941172,0.037465944652284984,-0.06923522187366864,-0.08279207061047848
789.0,-0.07121522916971396,-0.194552150698635,-0.0355175277399775,-0.02624644925586547,-0.047329962715337875,-0.1855336238641675,-0.20617570088849857,-0.1606228074861707,-0.09750823331322617,-0.09198220613382271,0.036201679541805296,-0.07130235899073054,0.052770474601536,-0.03201279019615023,-0.0974182114197863,-0.146083164655345
790.0,-0.08403006934358459,-0.38849611118584493,-0.09933929213849207,-0.09862000189760135,-0.08317086267687218,-0.2545844881379531,-0.29896895030385395,-0.24080727921979692,-0.1889063550806943,-0.15619745601691087,-0.052197168573449734,-0.1230113997853247,-0.005626232155292117,-0.10122912448550125,-0.10343963797341876,-0.18954246628967222
791.0,-0.07468855858811752,-0.5212825806225166,-0.14480268057957613,-0.15689366502525054,-0.10131409716821453,-0.3134485696958718,-0.3457812290960939,-0.312825924373266,-0.23075655220996802,-0.22128772633557148,-0.14238669108428265,-0.15590743501731572,-0.03860345286116811,-0.15766462633336983,-0.09088620515082876,-0.20441868685681885
792.0,-0.045880758164502926,-0.5829003893320869,-0.17182953237505091,-0.1983994806033495,-0.10469019242543721,-0.34607670174822935,-0.34561114865242104,-0.372328321687905,-0.23408356333126015,-0.2892935264250594,-0.22806508273280074,-0.17331406198054747,-0.05315098166758154,-0.19548774544441844,-0.06906369384711034,-0.19029754374804364
793.0,-0.004492059924210532,-0.5809632531755555,-0.1850166884665506,-0.22599351597499176,-0.10051141518695679,-0.3394104966007138,-0.30866540833422457,-0.4171693681238991,-0.21453470622883142,-0.35581194457109133,-0.29865123817510353,-0.18194393559944494,-0.06368076968674978,-0.21609813024100885,-0.049662360423086915,-0.15437375631792594
794.0,0.04009260896658891,-0.5332150319057511,-0.19074430167829345,-0.2453537393605805,-0.09693764477669181,-0.29027411782810314,-0.25020620300131385,-0.4463526387297476,-0.18538745149151262,-0.4087950372327586,-0.34243263133892266,-0.186919638821263,-0.08406249247394323,-0.22520679469372684,-0.042128473587306016,-0.10858502219286867
795.0,0.07815630692029951,-0.4601238886532039,-0.1947764611436559,-0.2619674194216352,-0.09996537480879321,-0.20867036031923064,-0.18538040017641072,-0.4596229441065199,-0.15475844507886322,-0.4323477134754309,-0.3515187400633986,-0.18936848885497146,-0.12057365104676146,-0.22940006523130502,-0.04981126466583888,-0.06563428419913032
796.0,0.10145631950937777,-0.3816165241875753,-0.20071033960185483,-0.27903033712701886,-0.11159910051135456,-0.11591545478543666,-0.12710550645740248,-0.45754086442387004,-0.1272705542655996,-0.4150012092133978,-0.32653438453019146,-0.1875706012838138,-0.1694718465546778,-0.23357139663134147,-0.06903722532989637,-0.035101438069743
797.0,0.10435380069658118,-0.3164919331630128,-0.20926475126234914,-0.2966239561892683,-0.1295419656900543,-0.038422283515415115,-0.08597340973721113,-0.44162358389843004,-0.10766612341487214,-0.3581536252738899,-0.2786316069619661,-0.18009757743496918,-0.21976861867193626,-0.23920651537365747,-0.09138823353408752,-0.02109751146556202
798.0,0.08432890429871746,-0.28116694373743495,-0.2190482934406227,-0.3126454218821369,-0.14884314188668246,0.0009457792413419045,-0.07034347294262795,-0.41460605067696105,-0.10308222322135498,-0.2781785148443273,-0.22636559714678844,-0.1687781681065072,-0.2593227895113984,-0.2444321241991052,-0.10776627232887814,-0.02222706962439636
799.0,0.04224361239487775,-0.2865806409922818,-0.22854482237246473,-0.32502347229087586,-0.1651955984122677,-0.008466401043793481,-0.08539083118699353,-0.38064616798985995,-0.12212528720380472,-0.1998498365916555,-0.18828473448813357,-0.1595789665357597,-0.2809325933440321,-0.24659439735260041,-0.11250945982863386,-0.03344088345151193
800.0,-0.017195712400192426,-0.334383635959508,-0.23728340330997458,-0.33317078435755637,-0.17743114494726728,-0.05993289982124274,-0.13072377519210696,-0.3445619488619164,-0.17110257804261716,-0.14599979962566734,-0.1761023495961568,-0.16010688571172732,-0.28492400916663574,-0.2452131623411075,-0.1057527708133493,-0.04856826137150514
801.0,-0.08524954960240777,-0.4144562000349479,-0.2449061794820487,-0.3373648029675126,-0.18689629809330158,-0.13133582915017408,-0.19795746411979495,-0.3097713364380925,-0.24942696060709887,-0.13010492126822065,-0.19248292121038377,-0.17474686252710972,-0.277177105893428,-0.24214015203575276,-0.09282401235971705,-0.06233644085976935
802.0,-0.15046679190643472,-0.5057113410050496,-0.24945284707283952,-0.33705549090617837,-0.1946037034993454,-0.19477733217812776,-0.27098626289584327,-0.2763094450633594,-0.34676086650978605,-0.15389741395509274,-0.2329614602068463,-0.20086009044290543,-0.2647509115771764,-0.23886610319221807,-0.08133076508513079,-0.0713470654825357
803.0,-0.2016686820818069,-0.5808589839228049,-0.24681941759040488,-0.32982297008748784,-0.19901336714213155,-0.2290674391745472,-0.33021341669498117,-0.240668781887056,-0.44374740118704314,-0.2083706984960828,-0.28920244347204205,-0.22877399811787294,-0.2517987136377059,-0.23378617923199885,-0.0776856727261108,-0.07412028579039245
804.0,-0.23099978835704282,-0.6138689370742467,-0.2319412727741866,-0.3117324175912329,-0.19614213097536287,-0.2277804818511518,-0.35897006563518447,-0.19763669245628004,-0.5164956381987947,-0.27673131900558323,-0.3517049808673532,-0.245312328649139,-0.23723189333671513,-0.22188830100810567,-0.0843815113818543,-0.07058803531377403
805.0,-0.2353766748991286,-0.5876185170310652,-0.2013428546654742,-0.2788192980233814,-0.18170130399734707,-0.19828274257109732,-0.3490309949951551,-0.14297342028871718,-0.5433386644849475,-0.33865893649061934,-0.4109311555575007,-0.23869148283050326,-0.21517598162928558,-0.19716928464327205,-0.09894190619679905,-0.061397195423697
806.0,-0.21617495054453512,-0.4992256754132459,-0.1559060564423119,-0.2289763665003126,-0.1537936125716236,-0.1535267508657012,-0.3030219823167467,-0.07591017460590946,-0.5118233601870239,-0.37524843670466645,-0.45673166145373595,-0.20282098322523623,-0.17853369612136766,-0.15616240868797102,-0.11507108048368711,-0.0473627410921753
807.0,-0.17828225276331894,-0.3614365720263746,-0.10157091785673288,-0.16345061096852473,-0.11456642627924528,-0.10352798825468638,-0.23305626230128298,-0.0007850160398502771,-0.4243514209536226,-0.3741466312213244,-0.47821265220176723,-0.13991151008545086,-0.12384475192822739,-0.10046923039374982,-0.1253869950214498,-0.02948629101209033
808.0,-0.12948018429792954,-0.19930758681557809,-0.04665724932590543,-0.08714606812545164,-0.06981564600529515,-0.052383727648737194,-0.15631007697629717,0.07322431808157477,-0.300651745456677,-0.33363679169475063,-0.4666545323448637,-0.06038755722302577,-0.054523342524776974,-0.036901387702978454,-0.12420872304774108,-0.009510833708148392
809.0,-0.07969928413074702,-0.04251206344204652,0.0020979691817687627,-0.007399436166309344,-0.026652631840956755,-0.0009998007775334958,-0.08933511063925054,0.13500308073119066,-0.1740177670977433,-0.26288177460251044,-0.420330043222969,0.02046353071639025,0.01908680625202868,0.024818626787852207,-0.1091296047285142,0.009791150758606619
810.0,-0.039036925226828695,0.08413707387033532,0.041048810797412745,0.06769960568518439,0.009160106443824804,0.04846515193551623,-0.043297237873942254,0.17573421219835378,-0.07982364400276284,-0.17687955320159834,-0.34664073674631135,0.08745953710821959,0.08241605134976217,0.07520012533075057,-0.08128716361887671,0.025124237428203456
811.0,-0.014748541511146285,0.16751115037337977,0.06798392059385665,0.13010756772633453,0.034428682476178064,0.09058600648612827,-0.02168869281712827,0.1918423277526382,-0.040910928577678224,-0.0891971872177287,-0.2588911167472875,0.12921133311822486,0.12095284136592578,0.10735016323054221,-0.04512157841405696,0.033530061858193634
812.0,-0.008760281167069289,0.20721983444756675,0.08054396933401815,0.17231762804504036,0.0484516426701685,0.11863273031603476,-0.02078747617630691,0.1856871295322299,-0.05857624761762796,-0.007516582738567098,-0.16996572071791788,0.13984495957518125,0.12508340733154064,0.11872562026130783,-0.007812011641591012,0.03320134676503271
813.0,-0.01716158559207827,0.2115336238545547,0.07719340724247194,0.18890395763355863,0.052765753709298785,0.12884509194883506,-0.03210068780347726,0.16479189017251103,-0.11431181833614619,0.06608964534319006,-0.08750714569338384,0.12022190999038275,0.09418844926812081,0.11238520988888615,0.022512454882927278,0.024286789790714046
814.0,-0.03229258687501043,0.19156479518583577,0.059290688761305214,0.1787024935014817,0.05050188300121693,0.12382671092079901,-0.045823883941241664,0.13965965431277105,-0.1801113724803724,0.13186683765757257,-0.013412190715134163,0.07871437992305036,0.03794562673483832,0.0961407424278789,0.039957220434962755,0.009244689356796959
815.0,-0.04653364960201436,0.15693923099949147,0.031650353054850346,0.14590811082753732,0.04475468883422667,0.11228045138215019,-0.05459754451506879,0.11995962905884104,-0.23084240841219072,0.18859252673349353,0.05270801453345756,0.02946276076410236,-0.026670561963700195,0.07890899230449995,0.04357938404934379,-0.007816191394205146
816.0,-0.05545048939267195,0.11433141629185417,0.001281313006578224,0.09935720866052099,0.03700747902096389,0.10444353067381514,-0.056475447083284565,0.11087906218684983,-0.25255091691060466,0.2315089546666425,0.10890445734602179,-0.01251538384567046,-0.08152560773959298,0.06662444444486731,0.037493862713239526,-0.022323276171456265
817.0,-0.05851282799315846,0.06847192752331402,-0.024423922484661686,0.05066086286944324,0.02714233674362207,0.10607017668645774,-0.05523332814936577,0.11235450824486051,-0.24428946249738956,0.2534558043159238,0.14860378079021747,-0.03655089980455218,-0.11315917869185074,0.06085311164729646,0.02819217120050133,-0.030080391230629045
818.0,-0.05782910068407124,0.02390449015627252,-0.039382480506872326,0.011604560587003833,0.014773663119707152,0.11541710940670195,-0.05698093956112721,0.12149461764685777,-0.2153564972820094,0.2484343005597015,0.16226739121478775,-0.038743102231058486,-0.11575978067508988,0.06038252043586081,0.020809927830441912,-0.027866972318592677
819.0,-0.05645633114293149,-0.014425425349356563,-0.040301895513024974,-0.009135440611506477,0.0004526746801221405,0.12507539378762572,-0.06505233812294339,0.13569589606894739,-0.18070097748498634,0.21504483109797776,0.14209618285992834,-0.02131831946556745,-0.09119009052743166,0.06321879556249263,0.016708523300810612,-0.01438704109156242
820.0,-0.05696086782201732,-0.04205924659604421,-0.027178083773221038,-0.008528637837439651,-0.01386335294592291,0.1265729365295605,-0.07712971749366505,0.15395507004757228,-0.15504963956220097,0.1579752957146783,0.0877828951364233,0.00950952331163984,-0.0470462418554965,0.06737508996571995,0.013864465863999998,0.008737860608512163
821.0,-0.06021233778312175,-0.05606567068942647,-0.002131818228384147,0.010776127310411221,-0.02503947127891894,0.114349538195336,-0.08658476962840722,0.17584183500760084,-0.146393248203534,0.08714483019992066,0.010092282548223657,0.04579243890167893,0.0061380500076996004,0.0712123676260852,0.009251415306114322,0.0368657208719183
822.0,-0.06497372727901293,-0.055119815458607516,0.03216122909452203,0.04215762955354061,-0.030059700180576576,0.08721667845107328,-0.0862810163929648,0.19924106728911736,-0.15234567412629818,0.014819503738397691,-0.07133194840142569,0.07941206160138654,0.057198295078816026,0.0737065594772172,0.0007756217241836062,0.0633911330009586
823.0,-0.06885401324340298,-0.03897305412639411,0.07245077226100377,0.07654226165120291,-0.028143572712944008,0.04774877263315415,-0.07180503888040247,0.2187848308689863,-0.16255223385282364,-0.04823612438964544,-0.1358501221603412,0.10303930067886237,0.09561859986590023,0.07387056652044574,-0.012462047727471231,0.08162219283355474
824.0,-0.06991736457608898,-0.008495885200216043,0.11358320781129747,0.10398763946520093,-0.021903699448851774,0.0013027746052783253,-0.04256703313801526,0.22675991379343047,-0.16560830574277344,-0.0959614006687345,-0.17048181605584314,0.11127109927621652,0.11288686975122576,0.06994154444267776,-0.03048498367087557,0.08716482928716977
825.0,-0.06764356739441053,0.033411008767950404,0.1481512011310292,0.1166261728275477,-0.01604842754608466,-0.044408380775148984,-0.0010435968174666273,0.21655976525153597,-0.15546381062769152,-0.1280095976651715,-0.1737589100303711,0.10206208391126868,0.1048678541112319,0.06025161064992556,-0.05213022596962542,0.0798881918408317
826.0,-0.06277026191230894,0.0810954294901449,0.1683694770407896,0.11206245780349873,-0.014355101863419463,-0.08019874178165931,0.04856958014981136,0.1865326689677754,-0.13307205205339104,-0.14760387411618991,-0.15295104348837185,0.07747151208214324,0.0738897956091224,0.04585279375923413,-0.07459564011534349,0.0638959698544281
827.0,-0.056460503653943686,0.12674323745083624,0.16919581885784907,0.09465167373975132,-0.017063543078084765,-0.09822149033365205,0.10128243126190105,0.14179631821092564,-0.10292177587139267,-0.15722660889309228,-0.11769216880228058,0.043013168156584736,0.028413104626743218,0.03233243719535821,-0.09370314350982385,0.04526092729912885
828.0,-0.04944305601418732,0.16253778275685105,0.15082200109170135,0.07339391900968767,-0.020292459296485044,-0.0956655394388338,0.1519462844379636,0.09319308024960059,-0.06823203626648287,-0.1553934505290065,-0.07478296398308548,0.006182094154608089,-0.019711483839128706,0.02831694160992857,-0.1045869902975026,0.029388428701867086
829.0,-0.041362813665984155,0.18389177456333958,0.11918453353994266,0.05776294487240118,-0.017703221912378234,-0.07597699154791285,0.1963456273491327,0.054104395064318626,-0.02906308122903499,-0.13720243457096762,-0.026499327330284487,-0.02481609395121767,-0.058270019738277334,0.0409089063473909,-0.10248532871569378,0.01998837505242049
830.0,-0.030332270849505506,0.19241427007379852,0.08418365298015446,0.05416018294114421,-0.00354822553697985,-0.04626847197331431,0.2329053787256784,0.036510473550573574,0.015740835209500592,-0.0984431976988253,0.027665181529968816,-0.04208508321355947,-0.07653587555319742,0.07119303955073492,-0.08425235272430558,0.019674733249833178
831.0,-0.013372286162669838,0.19619529180916612,0.056258827724301345,0.06463016765064573,0.02423506574016812,-0.013691957796929726,0.26371622002780004,0.0474151526431895,0.06482923488951674,-0.04088264143270618,0.08665460199487213,-0.03973514723504665,-0.06689759206350349,0.11314953495932763,-0.05049881238212701,0.0303896384914825
832.0,0.011580860870331807,0.20566762323110663,0.04285788976895303,0.08733961106530229,0.06231488184138211,0.015943996378803088,0.2928560366332643,0.08627106315377119,0.11187133089476223,0.024581830114397036,0.14361768482311735,-0.016426016291255945,-0.02774839767721766,0.15639991320917304,-0.006459721951411476,0.052411473338933236
833.0,0.04321525189144011,0.22687176917108276,0.046437984136358974,0.11750167209870988,0.10263860814916277,0.03735569903166395,0.32222884121829926,0.14419321113055647,0.14680506505372748,0.07997461369971798,0.1857617509277745,0.022889095610195982,0.03350561902554746,0.1902021430270248,0.039821590343709315,0.08293221907949622
834.0,0.07604183339157013,0.2566506951590539,0.0641522367958682,0.14814290975617112,0.1351506459831208,0.04537257904054739,0.34835128875343424,0.20566992734241238,0.1607411024792318,0.10791569054626497,0.19962114931558655,0.06785816034980409,0.10052823043405656,0.20609009759398716,0.08062128775773476,0.11590966724839755
835.0,0.10222397871749392,0.2830234551645407,0.08868437945577602,0.1712795879993858,0.1512829876704415,0.0367186554995276,0.3630931986713784,0.25270617899917086,0.15149006236825685,0.10107975324882322,0.1791096885325705,0.10630605264141245,0.15301278022734974,0.19907243689719245,0.11061735921003477,0.14367435136155965
836.0,0.11515946644636112,0.290769098794771,0.11070883731961584,0.1803675866223418,0.1473022866453449,0.012813131433037882,0.3579902670099896,0.27065401250806587,0.1258115766870723,0.06718278367530696,0.1314356236419874,0.12884162873057908,0.1749047031087379,0.16892968113551632,0.12754418891102676,0.1595310660854955
837.0,0.1126406124461369,0.269447914401402,0.12264025500439413,0.17325053794985065,0.126377552254382,-0.01918431218706456,0.32947837457857676,0.2539642905948779,0.09618816594276013,0.02531772179561247,0.07600894225272875,0.13232201792044893,0.16152729053127082,0.1216038676868539,0.13231225333364574,0.15993215799507246
838.0,0.09778417855852667,0.21949556147415736,0.12130937130152104,0.15320906032052245,0.09753454442104914,-0.04825915673971948,0.28215863507806827,0.20880096067860746,0.07369553919934879,-0.004511619488858882,0.03556249504362854,0.12050151557940394,0.12137121845205531,0.06844709845758287,0.1285212340227543,0.1449907420776026
839.0,0.0776697124848188,0.15283064244735406,0.10811969184799883,0.12700557622078004,0.07126751824430368,-0.06317708448563944,0.2280524252998388,0.15025825149216873,0.062035767370831205,-0.011426476101907059,0.02510803412371699,0.10153027074298572,0.07167300951476335,0.022133690740396225,0.12080309879047262,0.11747265740422126
840.0,0.060715863195147365,0.08773287464671341,0.08764653004385003,0.10159190065084624,0.05447337866121883,-0.056212142569498594,0.1817721350060564,0.09552751909122748,0.05723555089996024,0.0033375459887534193,0.046400004117716595,0.08373456535287235,0.03060285405025332,-0.008529569689874908,0.112518947990838,0.08161806507314494
841.0,0.05376366547421098,0.04117563525740373,0.06591066276863451,0.08178025004111061,0.04784886761231447,-0.025986437713046328,0.15403663204190665,0.057272949967310395,0.052752659543027235,0.031071879669922073,0.09078281756413469,0.07219512520333286,0.010164256902022472,-0.021302434930278946,0.10417418147971345,0.042704361981804176
842.0,0.05980180520246435,0.02277497876587947,0.04856606498818857,0.0694651568737758,0.04686174834078369,0.021442237446601835,0.1472466844243177,0.04046187219717682,0.0456159580942858,0.06330608758414658,0.1467761814450095,0.06788629005862805,0.01288869357319521,-0.01955605090877395,0.09378302216489347,0.006870307292241864
843.0,0.07728362770326495,0.0328410127810336,0.03906562708660483,0.06374320650889848,0.0452324108500918,0.07423195877634836,0.1556337101408179,0.04276512201838458,0.0392065902789919,0.09704947373645001,0.206090744681641,0.06911211205009855,0.03318742484450081,-0.009572342347825835,0.07936244599984216,-0.01980879945069505
844.0,0.10112588815111637,0.06422863976382528,0.037297235762044696,0.061643954209634054,0.03864717978586933,0.11915160388799248,0.16937884634680558,0.05704483957783843,0.04090047357047732,0.13394632609136378,0.2641355768712241,0.07349309183319774,0.06154301346339385,0.0019666295738920083,0.061553500178903015,-0.03320440533963634
845.0,0.12439413695982882,0.1058445547920965,0.039448138618302764,0.05953269862068565,0.026630104003409805,0.14681006782809775,0.17959000448072585,0.07455372958154509,0.05608726058048608,0.1742506396977522,0.3161874418457211,0.07890351212282809,0.08837220639347902,0.01026454275096196,0.0434617019666813,-0.03302168499400004
846.0,0.1398885720373031,0.14596314579220748,0.03958433364494878,0.05469377301452756,0.012004824761677588,0.1547758947527388,0.1812362368516272,0.087644186857044,0.08290719600593682,0.21142990166090306,0.3539096791323552,0.08317514248770976,0.10599570431096422,0.014405436339809665,0.027537835634073828,-0.023291545759453417
847.0,0.14178435082744642,0.17487565821302178,0.0324252611991138,0.04610278062059807,-0.0012583954290289502,0.14699922503529822,0.17350699960803304,0.09108755257737182,0.11198184605618215,0.23292326962507862,0.3658907326062318,0.08357270048321075,0.109453842169087,0.017354194091692858,0.012699421299044274,-0.010877535541463054
848.0,0.1274697654066106,0.18704117235162532,0.015813047712776095,0.033855190346429774,-0.010511801004819143,0.13071790769593564,0.1589695247183728,0.08209414227567446,0.13165872700854195,0.22698206037449195,0.3422538551927475,0.07700209408429434,0.09700881284532593,0.022923495428958118,-0.00523718884543956,-0.0028053865584057557
849.0,0.09880003942078958,0.1824825262656575,-0.00841310816181857,0.018115112046612758,-0.015718533594681967,0.11339721095766159,0.14247304085408058,0.06006066694849655,0.13472432777765306,0.190638897651489,0.2807547693676539,0.06124754045880359,0.07044469252322848,0.03196131113798375,-0.029959145501799383,-0.003763832648216613
850.0,0.06166656033730298,0.16672455623809274,-0.03519731037772936,-0.0008120915450747277,-0.01855912938218149,0.10103156153320042,0.12942493109680525,0.02698340854972836,0.12131981723934748,0.1333521867152591,0.19085055411140991,0.03693543057437998,0.03530957043315153,0.04153347667975446,-0.060897519718043705,-0.014560588830756699
851.0,0.023912478824630636,0.14889266214178976,-0.05786494356605929,-0.02116103690354464,-0.020125377466545552,0.09726638130706909,0.12346101842626114,-0.011654542477586715,0.09653646629258693,0.0739904105028246,0.0927531681338254,0.009095216242782894,0.000825236838486455,0.047980824049587166,-0.09229770459289614,-0.03185687552669101
852.0,-0.007125515755629863,0.1381693619485905,-0.06996532972255333,-0.039025069529622716,-0.01951826994869105,0.10268071562081112,0.12485236394862127,-0.04717265211199932,0.0661859044384387,0.03305334756987136,0.011156602456683921,-0.013654642888467813,-0.021819194150291498,0.050509159375214566,-0.11575758339438567,-0.04953550548060319
853.0,-0.026449986678220728,0.13945544191253403,-0.06748024945454684,-0.0499046833861542,-0.014933350803766,0.11464322311657904,0.13054928091766405,-0.0708517835382021,0.03510480153249754,0.024604035285396567,-0.03326396309782394,-0.02340019484408573,-0.02375483773870985,0.05142210382247178,-0.12443709314608832,-0.06149066363606896
854.0,-0.03246627503485026,0.15023395988694097,-0.05097779245653611,-0.05161274180982073,-0.0061788186120235,0.1283320070426236,0.13528363988562805,-0.07875484342305412,0.008542292456040237,0.05166743484333773,-0.030558690572978008,-0.01845620487576706,-0.0037515514876650708,0.053076497588738565,-0.11618570796409734,-0.06437001995185801
855.0,-0.027020729826167312,0.1609776771269299,-0.025889824278863195,-0.045783454431165625,0.0041172933483163456,0.1384814786443048,0.13314798070126888,-0.07399505475347345,-0.0065028803253412626,0.10590161958256625,0.015920108111761592,-0.005421015598439854,0.02953504880151102,0.055360576011402866,-0.09390477974925641,-0.05858122212812835
856.0,-0.013954921961855734,0.1595545639649146,0.0003185298073321495,-0.03638981109745107,0.012047421340447976,0.1407535057299995,0.11978781260863403,-0.06391388691468554,-0.00257056333261491,0.17028140004667017,0.09144841040651974,0.004639879338857888,0.061431783365558754,0.056289187166097675,-0.06360500075794719,-0.047287953790238264
857.0,0.0032890034629738827,0.13745061673060208,0.022383411930267858,-0.026730406805623812,0.01535344793368599,0.1324918313916432,0.09476921921883541,-0.05449367650509208,0.02490364172916432,0.22365773506452388,0.17505478845217737,0.0033668916310466957,0.07943580313476814,0.05424845011427631,-0.031784746674190095,-0.03440436135937968
858.0,0.023294816596319278,0.09450523975586941,0.03937484925676452,-0.017701772292723888,0.015152447904490616,0.11342190408294965,0.0627091174637658,-0.046634525397337846,0.07444297404759206,0.24666679137760597,0.24535095827311154,-0.009452125109316872,0.07988744245080827,0.049035504147926984,-0.0033930939797321394,-0.022712302856337914
859.0,0.046304964164586834,0.03966265177867872,0.053048579448514425,-0.008605932148194426,0.015074408043357993,0.08595415759215198,0.03204941115375789,-0.036995139442475435,0.13766064956074064,0.228102676116226,0.28515533555955574,-0.025914682331702712,0.06817399550383758,0.04104844432595921,0.019132142912289565,-0.01303359584214827
860.0,0.07234225589052193,-0.012859703047899174,0.06437658708463136,0.000797089521708924,0.018563292429473972,0.053862978340653025,0.011565552293353253,-0.022209995316775713,0.20134114748935053,0.16943327868385497,0.2842617951026167,-0.03534330674957359,0.052748703252141114,0.030304902656028764,0.03554050043027695,-0.004954812269514746
861.0,0.09924069313703023,-0.05023390167102769,0.07159688659014612,0.009232284308669977,0.026323247452941477,0.019389620700944268,0.006156514527792193,-0.002558679726640603,0.25133580341075745,0.08427156321990799,0.24008702122310482,-0.03105755272365234,0.03819697403205521,0.016807902969724797,0.046177130770092,0.0016349676595921372
862.0,0.12191160345659248,-0.06679238596487326,0.07116049717797239,0.014577533675837813,0.035503963243195734,-0.018834118729998746,0.014419590915457263,0.0177151104702627,0.2769662113235844,-0.007757517016191916,0.15668194519995923,-0.014130252209238943,0.022707584565376006,0.0016936688155942574,0.05017225052852978,0.00566841766852621
863.0,0.1337152388808708,-0.06559720968011894,0.0603061566968179,0.014963021762549626,0.04090978243375969,-0.06440187347918565,0.02937419260094319,0.0325757815307814,0.2751957169479014,-0.08872471888772568,0.04390539005865315,0.007647992316373755,0.0008314474932807635,-0.01275503930217948,0.04516805553534122,0.005265276105569871
864.0,0.12961603779857844,-0.055603943832995995,0.038920873991386294,0.008921151605550764,0.037419112411659794,-0.11848243061919965,0.0413026541063712,0.03643314270417192,0.2526270500092167,-0.14678383135524534,-0.08225703526208931,0.024103892029635882,-0.031915546897713955,-0.02511881883559439,0.02926080001506537,-0.0011780984123477372
865.0,0.1090745123013726,-0.04699687218176457,0.009296662657214688,-0.005227057002605306,0.022386197213966876,-0.17543144682488232,0.04094237184735248,0.025485566915523623,0.22284267452662967,-0.17602774487833295,-0.20013445108680814,0.027283101591277618,-0.07626527902838354,-0.037412215075673966,0.003910388174946407,-0.013857193593850244
866.0,0.0763350219300221,-0.0474953397147254,-0.02527078322548878,-0.029274804514607677,-0.0029059660420414834,-0.2226937652597509,0.02221319801058548,-0.0012236582774680662,0.19944065163332628,-0.17428040615918294,-0.28626657445147036,0.014181091957529314,-0.1288123647880973,-0.05512612369535964,-0.024565267205786775,-0.030923553819445296
867.0,0.03796384392494038,-0.060728543992968294,-0.0607449409719067,-0.063108883305114,-0.03303280172124977,-0.24577558386211373,-0.015766330243865596,-0.040398864712639156,0.1885992669093362,-0.14204013859766706,-0.32251111780083186,-0.012415929178905303,-0.18233341045719956,-0.08278296064385184,-0.04668664075594025,-0.04867652902487996
868.0,-0.00013456691991016952,-0.08596757043308424,-0.09115170301826192,-0.10183025877001511,-0.05964456574016757,-0.2352185164808236,-0.067890021866299,-0.08368225658773351,0.18573369870682832,-0.08383374044266922,-0.302939765281117,-0.04443415049898808,-0.22624017946533756,-0.11762755589019075,-0.05419038351819981,-0.06259853388106668
869.0,-0.03425014931794756,-0.11837907274951888,-0.10873619556639502,-0.13544414488518053,-0.07448390235995601,-0.19153871709436243,-0.12421055209278656,-0.11980794742334873,0.17833350633808287,-0.010243624412803187,-0.2369363037487234,-0.07104617003497342,-0.2489568164603298,-0.14780821687978446,-0.044503088200796896,-0.06906976961016606
870.0,-0.06288563307555259,-0.1502697847489938,-0.10752842247269354,-0.15307394263572185,-0.07346095121195854,-0.12585769771992159,-0.17315640448960104,-0.1399415688186028,0.15301816133262902,0.06248105454541029,-0.14711221623530038,-0.08347159712162218,-0.24304552602115193,-0.15834184398831214,-0.02257872582496837,-0.06721566633623943
871.0,-0.08598981818269197,-0.17390610191913614,-0.08778936860168747,-0.1488279075410047,-0.05907365767785776,-0.05653491313030481,-0.20570181148341626,-0.14218665566756228,0.10253727875961825,0.11647629351620668,-0.06255130580424209,-0.07947306112836866,-0.20980712306382565,-0.14061094015486666,0.0012138222918707832,-0.059655166283773695
872.0,-0.10382161755989505,-0.18463581999588521,-0.05677650527906505,-0.12440802051410664,-0.03881602378303281,-0.003452284394702724,-0.2182649894904752,-0.13117360951839,0.029448622267717994,0.1380908256533241,-0.00915189658248304,-0.06403849081370513,-0.15885246205698147,-0.0979745571259192,0.016298936629808896,-0.05114564415035204
873.0,-0.11595637202227396,-0.18201227532479078,-0.025047458205385516,-0.0871304237134654,-0.020694988147441373,0.018838024091929088,-0.21256678580736682,-0.11351056458028143,-0.054667189281864655,0.12225552593637419,-0.0008808664401859832,-0.04575884764652361,-0.10261654401929704,-0.04411166822504753,0.017213505796919625,-0.04582145425509571
874.0,-0.12108882207632889,-0.16848506868519375,-0.0017832763527829377,-0.04615973376772097,-0.00945430071656086,0.007502415981399038,-0.19317778002814584,-0.09337170680155799,-0.13380420825212178,0.07349050049512326,-0.03623526613147741,-0.031898715278746555,-0.0504470443146946,0.003708871950878804,0.005826198011619364,-0.044960078843832754
875.0,-0.11773860499991864,-0.14767196768555838,0.007990910881317197,-0.00954704531551824,-0.005596652116512759,-0.026205677285862632,-0.1654566348457028,-0.07118788402728707,-0.1935904753635392,0.003928340808602265,-0.10075978212485545,-0.02537570827674832,-0.006047897572678843,0.03200530437834123,-0.01049122309453745,-0.04641287928484628
876.0,-0.10545520545241258,-0.12378224390193329,0.004107659788522019,0.017586501852420888,-0.006637611309613216,-0.06150308571786258,-0.1352798550554064,-0.04530616183957385,-0.22605146568668538,-0.07039018426624138,-0.17319608901687703,-0.02470127405413734,0.03167108945596166,0.035487416238128094,-0.02318481334381936,-0.045560961849200304
877.0,-0.08599109739312197,-0.10154749583535555,-0.009760598418651152,0.03371348388081391,-0.009363945380366905,-0.07766489528764615,-0.10936470012874193,-0.014931589951059105,-0.2315197059861382,-0.13385468916529505,-0.23272302053393903,-0.02618912543226263,0.06578195468234303,0.016895450407461845,-0.026649806878395993,-0.03735234352206944
878.0,-0.06359798340334555,-0.08547992030267913,-0.028566614378615813,0.039933586220683576,-0.012016352582490841,-0.06283374542035662,-0.09461388196032397,0.017504359571450363,-0.2172062011051745,-0.17470818247040787,-0.26502155624361234,-0.0268431531575672,0.09799782854456648,-0.016677090743443618,-0.019813375606591757,-0.018728934780769924
879.0,-0.04372219508223281,-0.07840892881703027,-0.048342827044120296,0.03790762284166508,-0.015124693391141154,-0.017278421452799717,-0.09615785442560072,0.04612082233200335,-0.19317199983380087,-0.18644093911017517,-0.26486009896152984,-0.026016502203408537,0.12675058868672534,-0.057613376903959755,-0.004911511342147717,0.0096514536895071
880.0,-0.03069330509339576,-0.08026286201161342,-0.06694104397817986,0.028328885851921212,-0.020402071335809444,0.04936566690776815,-0.1146996356375982,0.06394246354121537,-0.16817353908880464,-0.16816705487939143,-0.2345933950873053,-0.024946371382746912,0.14801837072680551,-0.09886439258019218,0.014523044785213025,0.04313327582192707
881.0,-0.025934662146046217,-0.08807743551789628,-0.08309640221979223,0.010966166639114918,-0.028601589783018848,0.1236078973900143,-0.14451902689489032,0.06636189274187461,-0.14756952657299696,-0.12525964006449858,-0.18065545485162063,-0.024965449949808937,0.15807243207933622,-0.133090226337571,0.03484754702430319,0.0743305260801003
882.0,-0.027460855323790168,-0.09722916375797246,-0.09519736248954609,-0.013976926477038252,-0.03791425976593746,0.1924758500045002,-0.1740119082090946,0.053326524166727216,-0.13314920488495366,-0.06910377090432827,-0.11098400344808579,-0.025871014336548016,0.15603918293805763,-0.1530312705577822,0.05293468142191961,0.09576071553975003
883.0,-0.030577729222962566,-0.10323415435077327,-0.10088945127918765,-0.0441802374289703,-0.043970157621332905,0.2454380127872604,-0.18977449452564885,0.02906071101818492,-0.12363022629504154,-0.013981484996139605,-0.034259871098428436,-0.025627313605734538,0.14452317321305105,-0.15391407355478562,0.06675998278702042,0.10285697950258783
884.0,-0.029885061886855004,-0.1035618216139886,-0.09798042667745419,-0.07463189699837336,-0.041649925995189636,0.27522095928234197,-0.18289978076267718,-4.009738834307754e-05,-0.1152737982065554,0.028466176196752544,0.04056445058183962,-0.021862150418827914,0.12778344318618148,-0.1354842550827334,0.07552844249636484,0.09540858923955117
885.0,-0.022220880591908628,-0.09860403225536453,-0.0863692952706307,-0.0992314094871793,-0.028006759520191268,0.278623305994316,-0.15402326562343358,-0.027972983555312955,-0.10296077485181442,0.05396021614582671,0.10551054381408305,-0.014230482344864265,0.10878671693768474,-0.10200738935356088,0.07886843413484994,0.07643657245311117
886.0,-0.008709782423224021,-0.09073391030796542,-0.06943504540943583,-0.11373140661114829,-0.004660551955064583,0.256930511294592,-0.1137083968871472,-0.050972549217890975,-0.08222874916824746,0.06611313030018741,0.15463483228280395,-0.005480279808375099,0.08744482775461335,-0.0609390469297153,0.07579058668439301,0.04994017890330223
887.0,0.005774690806080252,-0.08192912639371731,-0.05303782796713654,-0.11764721578341739,0.022086513441691047,0.2153597107811218,-0.07757626697281106,-0.06813298413920725,-0.051858014156482876,0.072449871160752,0.1839482838854743,0.00011331302254582849,0.0613046672688526,-0.02122031769667175,0.06481892289400419,0.01960478531809239
888.0,0.015245103729109113,-0.07226248292789307,-0.04241819099098219,-0.11379456473891256,0.043779302543695095,0.16144014197409245,-0.05911497750783956,-0.08112154230290917,-0.015509138663294364,0.07909849675098564,0.190860927832383,-0.00034317307750191206,0.02820039558030834,0.008625722759357664,0.04548597030918271,-0.011254668734181579
889.0,0.015590674622476156,-0.06063691119229527,-0.039373601948835664,-0.10610181505882577,0.053506670854853666,0.10269310410462389,-0.06411526254145068,-0.09334961170437651,0.018932226428452582,0.08762435783687704,0.17422444989411684,-0.006692904100365024,-0.010789091903320492,0.022635671075116718,0.019665846326941683,-0.039584080220782206
890.0,0.006631489925587665,-0.04657933637287629,-0.04139943372815036,-0.09698304151016054,0.04875824991920629,0.044777442286220916,-0.08894717697381747,-0.10839439067126208,0.04236586589154426,0.09504110418970545,0.13510597756833181,-0.016209137690319834,-0.050154242410301295,0.019566540943224055,-0.008643735252607596,-0.06277197368805082
891.0,-0.007564779226830704,-0.03112463592015751,-0.04265647561546425,-0.08566786675441983,0.03233953149248663,-0.008516321458047855,-0.12269187193404715,-0.12784476889159968,0.048502675075171496,0.09624196090120757,0.07784127613979505,-0.0249880724323408,-0.08168681411471604,0.0038917829872820073,-0.034948412811314555,-0.078894672264418
892.0,-0.020351642652160034,-0.015975629104241294,-0.03630567910671796,-0.06911932374329055,0.011154253092413925,-0.053480190259185656,-0.15164744279106587,-0.15002244019443708,0.03700445845237888,0.08771990985807275,0.011004341113824706,-0.0291034057667116,-0.09811026435074287,-0.016081659245341516,-0.05604379271043375,-0.08704064150350788
893.0,-0.025369724210207466,-0.0018627149157456916,-0.017868524517283352,-0.045541347879983804,-0.006807054939988461,-0.08506480679140034,-0.16441767506257646,-0.1708118645072892,0.014583400042869371,0.0708858738581586,-0.052289442442490244,-0.025742034095728984,-0.09626118159451133,-0.03255672653848789,-0.07068388821293262,-0.08763704002246421
894.0,-0.019353420389789825,0.011777356936622706,0.011953461005167854,-0.017347170796677608,-0.015958032998593562,-0.09825521195454823,-0.15617781764966135,-0.185714683753583,-0.00634199608164556,0.05254993133007111,-0.0960619885409964,-0.0147286974003428,-0.07814573620511503,-0.041642376011169595,-0.07889452917658263,-0.08233608004962319
895.0,-0.003787448441591484,0.024904973224040207,0.047172887774091836,0.009560609012366496,-0.015007811463573906,-0.09207442987267943,-0.13034565533373296,-0.1911691930987424,-0.011850933234062472,0.041128115607610614,-0.10618279745290422,0.00044442503743896315,-0.04951370285769884,-0.043132645599427956,-0.0809825854415702,-0.07347486410555018
896.0,0.015471423063886628,0.03464498987341095,0.07922278382817602,0.029319814549492527,-0.006350327580005717,-0.07269343754882937,-0.09623734035844066,-0.18475999989948186,0.007177430000325531,0.04041683086524141,-0.07672217137761754,0.013554569506285962,-0.016742551958911202,-0.038079656863496056,-0.07733405843446639,-0.06361977236618155
897.0,0.03066995221264026,0.035252475384823255,0.10034833092207335,0.03894490517053338,0.0057848268493268535,-0.05183454891494098,-0.06425029151218942,-0.16576700296111743,0.04984583522641291,0.045569872236997835,-0.014037525323219151,0.018584446082026047,0.015920958699356186,-0.027544917574909834,-0.06877703430523102,-0.055220747853617705
898.0,0.03549963417951466,0.020792917524526285,0.10583997033682735,0.038589588290163,0.01684228769770887,-0.04073090282664246,-0.042168121581635395,-0.136699066427144,0.10451441288533257,0.044866239598433104,0.06436254101888697,0.012879294300307317,0.04655632982648105,-0.013513998597573199,-0.05638003372203158,-0.0499313379055594
899.0,0.027599744755765085,-0.011058304227994002,0.09467836730105049,0.030062266535248284,0.02294630020965038,-0.04454809168875568,-0.03400079588669341,-0.10416815211800724,0.15314334241182156,0.026161822300913205,0.13530095662557864,-0.0014613880479866768,0.07311837435357352,7.016750760921336e-05,-0.0405419319379128,-0.04774480376928941
900.0,0.009163723469467356,-0.056542459586017196,0.06913998573349603,0.01542852419851531,0.02189158752694127,-0.061972888836108936,-0.0399587224205992,-0.07714903567050606,0.17845259458276325,-0.016841463300502527,0.1766154962071599,-0.01856868653886097,0.0909057266661916,0.008194252616781217,-0.020732306637355428,-0.04682176620082022
901.0,-0.014333439713553046,-0.10652067030738974,0.03418355103617045,-0.0032312656557787725,0.013927903115845049,-0.0892693343012319,-0.05658663680659971,-0.06300489063578558,0.17071191553891657,-0.08209035098343571,0.17296118421334392,-0.031298792013939536,0.09272494165185056,0.007375011740680938,0.0032265412012038547,-0.044484745283828425
902.0,-0.03632441575564134,-0.14996889682828915,-0.003254748303507818,-0.023310983408810715,0.001593904461012703,-0.12350155002161368,-0.07752525022750967,-0.06387436040115176,0.13132640453488478,-0.1599049312755086,0.1204929072083901,-0.03399408010041806,0.07217645142162807,-0.001970006072942041,0.029259328909868352,-0.03867813800988397
903.0,-0.051071283042360555,-0.17758522563867318,-0.035404074787648544,-0.04128379157986462,-0.011511428505516346,-0.16159748220456815,-0.09505789336971725,-0.0758512593772002,0.07180104694915902,-0.23483504520095258,0.029977960957632478,-0.02448479395355058,0.028181268319720613,-0.015191544207810501,0.05225278376290389,-0.028748083324343365
904.0,-0.054886902108734904,-0.18337568559300108,-0.055193649566098256,-0.05286912475531947,-0.022172445447672155,-0.1979707330139784,-0.10184958914054222,-0.0914125019048678,0.008939941764382432,-0.2883916238349077,-0.07402220574575914,-0.004637361752065157,-0.03207763417948708,-0.02550011646449161,0.0653852755385132,-0.01535322550221335
905.0,-0.046884964997575655,-0.1649619100829518,-0.058117009733581894,-0.05423233136977467,-0.028536112919161152,-0.22521738746260378,-0.0926848784162598,-0.10344218456700906,-0.04130989256712398,-0.30383148981379815,-0.1603733980952808,0.02044859690982602,-0.09436285146887574,-0.027465161484113963,0.06307663519927295,-0.00023282017188481013
906.0,-0.029124272912716388,-0.1244880001284744,-0.04426383062120187,-0.04412859988735494,-0.03059955346799039,-0.2380850515556239,-0.0664633979428325,-0.10821840207816748,-0.06902643266376272,-0.27262288760084963,-0.20375339905446052,0.04401093203691479,-0.1430599838974404,-0.020048148717640428,0.043891011842924633,0.013832095064110452
907.0,-0.005819550733792743,-0.06999381292047974,-0.019304011094663922,-0.02532247705836805,-0.030083094199180274,-0.23695141290063926,-0.027796960927551906,-0.10567570569556396,-0.0731262323314661,-0.19965692229246593,-0.19622131924703376,0.05963120827616752,-0.16797401371975273,-0.007293340075792928,0.011777165302869446,0.023300661515711776
908.0,0.017702395354472315,-0.01512267856165932,0.006943924081850194,-0.003718406935638332,-0.02948438041269806,-0.22768275416863487,0.013435754206982651,-0.09742145540944393,-0.06134969161457779,-0.10385803797872907,-0.15076148808880566,0.06325429720147445,-0.16756128625731298,0.003773450963769758,-0.02497755728525926,0.024815441422123108
909.0,0.035465987557997486,0.024489079007375028,0.024044954558238442,0.01416845296821017,-0.030705876738217595,-0.2180636929935268,0.045221117759285154,-0.08448921304424988,-0.04712557370778176,-0.012718718914960462,-0.09381580334363078,0.05453387849046159,-0.14683040948231102,0.006791566078763711,-0.05655154621946479,0.01669432139839473
910.0,0.04168016664238833,0.03743789742590486,0.024924521384793556,0.02371742351066931,-0.034041724014792274,-0.21349604416802725,0.057909948240180475,-0.06670851627450566,-0.04351179040655361,0.047768186832040725,-0.05096980989594367,0.037106579436286855,-0.11228679631029752,-0.0004124248405431202,-0.07470492659489494,0.00048690036035729166
911.0,0.033151765432854904,0.02200436584559305,0.00870553547568642,0.023785374703869707,-0.03805648489309795,-0.21468867851797319,0.04790782102017635,-0.04404588992830895,-0.05655070980667691,0.06321711113180367,-0.034468217328901526,0.01750749967773212,-0.06827618839286677,-0.014101967954202271,-0.07481330684214209,-0.01832687376080954
912.0,0.011854994460855762,-0.012997840285526302,-0.01872664839896607,0.016963119286989035,-0.04036636613940691,-0.21828720735694454,0.01879960034433376,-0.018419061712594827,-0.08191506059821346,0.03559751252394519,-0.03963328192565974,0.0025906588162228246,-0.017596479783633184,-0.02618901841136596,-0.05653203872270057,-0.03170991219330398
913.0,-0.014905486091683098,-0.05253999710278816,-0.046774331581520036,0.00832355351722165,-0.03876514489500602,-0.21952361646449042,-0.02049658431433284,0.005912834130685713,-0.10686978687502324,-0.019624976480363,-0.05111203909370418,-0.0034510978397866406,0.035098118817857446,-0.028490270119165936,-0.023517936264632496,-0.03251536627163583
914.0,-0.037067396917565415,-0.08179330121258656,-0.0638920066851715,0.0033367505401736943,-0.03192993685594921,-0.21493568283972647,-0.05909626551248509,0.023861510383277343,-0.11612419624133903,-0.08151297926581864,-0.05382064157595428,-0.0004569443922993277,0.08156761824245531,-0.01660029016571792,0.01752685148196068,-0.017953256804188866
915.0,-0.045497608415174876,-0.09108448933835893,-0.06146846029500193,0.006040036711852006,-0.01945555929256874,-0.203166720939307,-0.08684041126773932,0.03182152788154319,-0.09837517625503135,-0.13212794715644405,-0.04152623347225281,0.0088198246575725,0.11234915222968173,0.009086006595796548,0.058342701520734785,0.009205769218668182
916.0,-0.0353266395807445,-0.0776852591909312,-0.0365570113735468,0.018034021230421617,-0.0016462698299759704,-0.18357793522413984,-0.09569124055365331,0.029417216879434844,-0.051068664288830036,-0.16183214642543878,-0.018766920211847723,0.021016682277213324,0.12120993764840143,0.04470655347219727,0.09094047100364039,0.04213290026406095
917.0,-0.007935404773116743,-0.0448507986575515,0.007000272802984272,0.03828592871041374,0.02036758575473549,-0.15511340690718056,-0.08121063371440108,0.020071858972375536,0.017570217364643776,-0.17022355875324666,0.0034761930450457317,0.03341603621746414,0.1079779276768206,0.08446672653866234,0.10953611868155015,0.07293559819600653
918.0,0.02923671160372387,0.0002901726737696018,0.059114923326437516,0.06332471297947977,0.04405426500579344,-0.11756453101464676,-0.04490061339867113,0.01022178837321275,0.08999226892771349,-0.16318838068160854,0.014763807532515006,0.04343218005566152,0.07820088767358463,0.12118738611316952,0.1119847837986956,0.09547710265111707
919.0,0.06515913690491063,0.04867311446844514,0.10593091717657498,0.08759460319761549,0.06505311410083715,-0.07343109066471074,0.0043317909677038045,0.007127177264346724,0.1450165808433038,-0.14770693919631864,0.01115134653709113,0.04789266327776365,0.04095179348109861,0.1467294807601135,0.09994917339067323,0.10671158398157836
920.0,0.0889653483724051,0.09077052509786722,0.13421697859562629,0.10456611678075897,0.07791524428251029,-0.02697311094306643,0.05210549989223651,0.01611268121734893,0.16625303762018853,-0.12734186621380164,-0.00224778713165872,0.04377128048191305,0.006341045160799751,0.15382379529734103,0.0778694413387278,0.10637315382898854
921.0,0.09356847347630166,0.11806802086585975,0.13636856796666694,0.1090912952017773,0.07825279413144794,0.019061773968015693,0.08399224797859986,0.038847607218509765,0.14892249935484284,-0.10145016272239718,-0.013515421381308358,0.030174462802983575,-0.01702858425050289,0.13925839185014327,0.051643576459515464,0.09611804772712267
922.0,0.07803158309054799,0.1250862248942896,0.11358121730657642,0.09985794126498969,0.06504459167898903,0.06504835343031777,0.09147675738324866,0.07331736278721435,0.10106055936249934,-0.06858363688957313,-0.010781904047644609,0.010008841331662636,-0.024424833016719105,0.106304930622791,0.027621703726509073,0.07899501300962129
923.0,0.04787268979837966,0.11145869317006944,0.07513621769103684,0.07996473747293789,0.04149249863524507,0.11245352144426896,0.075024413568955,0.11465319500592117,0.03861550225384837,-0.031027321552460872,0.009642125033067831,-0.010350741544427342,-0.01622355416997857,0.06408313039805072,0.011752056938199494,0.05896490385411359
924.0,0.012645120870958197,0.08227203260746803,0.03380625793725211,0.05506453219552398,0.013858046121247213,0.1601654900704971,0.0429150558630872,0.15599419776460643,-0.02246221539499247,0.0034779575581249597,0.03904767793161832,-0.024025211240847166,0.002396835068207587,0.023680685106126323,0.008347549202702895,0.04010048363608268
925.0,-0.018645175375359434,0.045645057456975176,-0.0001607073502098057,0.03043434910336832,-0.01125665871520767,0.20237672421722241,0.006877765173693325,0.18943009882150555,-0.07268783046429315,0.024374759398202696,0.05933173717354523,-0.027637000415554027,0.022826749544682102,-0.006738510175431894,0.018135421318912943,0.025667042537144184
926.0,-0.04156102535458442,0.009213125371069471,-0.022838524832737087,0.009046997376387703,-0.02979982010037517,0.22991897891494512,-0.022950824580031646,0.20759636879437843,-0.11082468016100008,0.02345632281044153,0.05206295293109961,-0.023170022704301296,0.03528518359006352,-0.024742087960670907,0.03643857586887234,0.01732246223396546
927.0,-0.056764997350228885,-0.02167129655739117,-0.035994334330404144,-0.00798841410018876,-0.04138081347458749,0.2348142438622021,-0.04112986733984881,0.20613483241361286,-0.14074975758549133,-0.0008654342495716246,0.008714660864656313,-0.0160154934587285,0.0322616458359553,-0.03259878721012963,0.0535876622526513,0.014687095886667357
928.0,-0.06713372772219332,-0.043142856569420227,-0.04338900278292613,-0.01938135840467385,-0.04786666609342525,0.2154953006258178,-0.04683693205176571,0.18576477625724344,-0.1662524305259959,-0.04245194480433298,-0.06373901245054152,-0.011008061198011032,0.012385790356628732,-0.03364931129863909,0.05870457291805677,0.015611009238801925
929.0,-0.07431947554459828,-0.0512079854297425,-0.04748097157913776,-0.022551452059836514,-0.05091971374677067,0.17885967909569156,-0.04127459540033772,0.152148912102755,-0.1876886772797999,-0.08972850501206563,-0.14542983287398242,-0.009695845109751963,-0.017693813756086474,-0.029282576218952694,0.045196252676385086,0.017027848814477744
930.0,-0.07737177985043237,-0.04180134076840564,-0.04866689633468882,-0.015076538127400983,-0.05060868815481514,0.13689369165816812,-0.025014795567260505,0.11358340679040504,-0.2023970323067684,-0.13006789177818592,-0.21284174193014851,-0.010399719785550756,-0.04573508320057578,-0.0188107672167539,0.014506331778293054,0.015887719123125827
931.0,-0.07401517166353545,-0.013090021966006423,-0.04663262436428364,0.0022502394374698358,-0.04607480520943772,0.10009923638305014,0.002037353448757126,0.07810849923744936,-0.20729216590287522,-0.1536743489498389,-0.24847003498076595,-0.010341746144995325,-0.060149467834038434,-0.002102880183842807,-0.024551301625075277,0.009804444445862136
932.0,-0.06331206533111787,0.03203326340748561,-0.04194416685848873,0.02338667492223069,-0.03753023643646235,0.07313806191549464,0.03810244090901054,0.05117703008802785,-0.20080356182335699,-0.1549897816166273,-0.24561634301104432,-0.008178837046472312,-0.05630610751742059,0.017390266321011757,-0.060649082110385194,-0.002614200678514769
933.0,-0.04752864382277163,0.08547714792779221,-0.036278979882312185,0.03842940625558145,-0.02764239776858898,0.05562448939861738,0.07737044713893863,0.03439799113100299,-0.18312125042333885,-0.13236781085007882,-0.20798919532565446,-0.0054431354331662294,-0.03877723257635396,0.03233058482584125,-0.08571058883461918,-0.021380329339219146
934.0,-0.031705879040334346,0.13553027419995112,-0.03134420176003487,0.03825290183562035,-0.020752361439634128,0.045762258986671626,0.11076329374215435,0.025648892980714738,-0.1555653312965679,-0.08800852963570958,-0.1464367354549681,-0.0060859966216439835,-0.018393495377036446,0.034808027651996164,-0.09782696145038502,-0.044448034245584224
935.0,-0.021322557866165184,0.16937688882057497,-0.027900957044169037,0.01917462172196793,-0.02042251861142595,0.042875413057657005,0.1294447010452675,0.020339151240479983,-0.12031494630165968,-0.028665036352809665,-0.07483847077836404,-0.014450204570980606,-0.006629368194466506,0.02062537922729584,-0.10018391077337013,-0.06755392901233052
936.0,-0.01971304114192599,0.17621375601495093,-0.025711007159455537,-0.01529436785486873,-0.027281454903216245,0.04737040337009419,0.12898093031326627,0.01357937266691844,-0.0811156614487842,0.03423592487330838,-0.0066435827078414385,-0.03285249101494085,-0.010970273197904029,-0.008516142487834525,-0.09778175075552187,-0.08542680071295759
937.0,-0.026636885452056704,0.15096284672955546,-0.02379729111891711,-0.0556353507180908,-0.03849126644594224,0.0591624101297506,0.11180763451452716,0.0029777518535123193,-0.04396157436903689,0.08695297349983715,0.04746174719181241,-0.05992099762202172,-0.032792106346736516,-0.04523629134450341,-0.09424547371528338,-0.0935908815655883
938.0,-0.03862949900592613,0.09728313971658953,-0.020764522744959952,-0.08929872681902767,-0.04877978825376258,0.07600698138033943,0.08639908604358998,-0.009500601785962891,-0.01568959561765792,0.1186605068084322,0.08150717829357146,-0.09056093119669119,-0.06735588074780771,-0.07817057839494873,-0.08994430206536365,-0.0894710120780508
939.0,-0.051071315692008845,0.02756766848035763,-0.015943628197740086,-0.10500393166473344,-0.05254316282995506,0.09270850823017761,0.06306164438926783,-0.01863476218817269,-0.00032363695735880457,0.12684375335180775,0.09575155897703291,-0.11791944629780157,-0.10569987989494461,-0.09535946513825116,-0.08224249957306641,-0.072815763041293
940.0,-0.06060549395307078,-0.041132926606833244,-0.011017090164034722,-0.09738886849817488,-0.046411773571067245,0.10201207519442482,0.04844914354107191,-0.01966168824959014,0.0038276842167015487,0.11869633776589013,0.09609429860410482,-0.1363153855247108,-0.13784821916614312,-0.089305401537179,-0.06802134710467075,-0.045999771229355314
941.0,-0.06575595632209355,-0.09336689488688794,-0.010134325377481218,-0.0696696723554468,-0.031017451036788064,0.0974613685897039,0.042539694519143384,-0.011691542597941995,0.003439578406581039,0.10711295963505306,0.09083407709019015,-0.1430715790160216,-0.15561147518883633,-0.06126107742472068,-0.046424508254835954,-0.01392960394438577
942.0,-0.06547095890094515,-0.12001636710629111,-0.017551930654864323,-0.03245270189641404,-0.010722163831287334,0.07681171748688358,0.04074147023262251,0.0016205830254675546,0.006391293288163762,0.10397306327482736,0.08670978838742784,-0.13834260239590235,-0.15406144062821842,-0.02139750134614675,-0.019313468804877994,0.017144906769068876
943.0,-0.05790438026863621,-0.11941287196194636,-0.034540119489753864,0.0006924752050951894,0.008546267806664325,0.04348736146165121,0.039360027312334935,0.014094589802243528,0.01787196910430191,0.11475438571215567,0.0866426068764213,-0.12410726829096294,-0.13249010499677755,0.01590478949127928,0.010241942501401242,0.04178808763672698
944.0,-0.04121160938131527,-0.09584178936807909,-0.0580431950756621,0.018546061187075708,0.02207138832138059,0.005428511782990875,0.039204333017228955,0.02016758929397701,0.03864146105983366,0.1371545715292886,0.09044428140241238,-0.10354224322077132,-0.09525921512423105,0.038798706653512705,0.03911794025032658,0.05723739317438008
945.0,-0.015354681815851342,-0.057254887418201214,-0.08165377942374645,0.016312162431425397,0.028350582348951638,-0.02685243072359859,0.044311514586565647,0.017724527609064848,0.06570865243404579,0.16384630870016634,0.09775102440183618,-0.08036833830971425,-0.051371071368664506,0.042718420539034394,0.06389813143133727,0.06376873555959844
946.0,0.01702543131744749,-0.012829374758906458,-0.0978135467990878,-0.002906459110772234,0.02913444640426684,-0.04205945330930772,0.05783492645271733,0.00943725940969567,0.09407057665492054,0.18690701238261276,0.11011349320563259,-0.05759502853009597,-0.011909383069286182,0.03090728165497677,0.08030197120787602,0.06378680530863402
947.0,0.050953307371586425,0.029075375336208298,-0.1004403171161052,-0.029762097506589424,0.02731984615145451,-0.031173235963456974,0.07880690136751634,0.0015580589609125025,0.11798809461015822,0.20085397205036332,0.1296733097466827,-0.03655031484862896,0.013729053328515588,0.011414308434737867,0.08382551798608902,0.060702028888462316
948.0,0.07990097880172846,0.061277437285701175,-0.0874900052848469,-0.05248197332450198,0.02445479389723626,0.0077452425138828,0.10130550662952241,0.00039693060851811126,0.1315161446511498,0.20308762059603225,0.15575911164955847,-0.01731698389535928,0.021080958455017847,-0.006939614639840602,0.07189392511739376,0.05792146514591507
949.0,0.09723702204542028,0.07671298826167189,-0.06203118202367443,-0.06087181945024062,0.020170433151866403,0.06611238328255925,0.11597539784160196,0.008640840455280067,0.12916623918605522,0.1928689950804669,0.18314733127059127,-1.8809104133478393e-05,0.01187029433215272,-0.017476672068290414,0.04613816975219529,0.05765062544463372
950.0,0.0989933879465193,0.0691253967819916,-0.030457759128774277,-0.04910241148966945,0.013938585030569581,0.12638796854274376,0.11400894101851214,0.023987066926213448,0.10752724412397098,0.17084957135311513,0.20381295001802152,0.014737130978993986,-0.0073169362538490915,-0.01690653505055248,0.012816120144017163,0.059990509029056206
951.0,0.08663413900392757,0.037435932954200196,0.0011243436083751153,-0.017006806784255143,0.007273536227827814,0.16852532712176688,0.0924615097833242,0.040701764465714795,0.06728432356804041,0.1398568686279083,0.21054229283388234,0.02673058639151281,-0.027977106861535678,-0.0053273431770936965,-0.019444717898971006,0.06333764839532384
952.0,0.06695551808435474,-0.009875252822819956,0.029430843393503804,0.02999965115497978,0.004111019318427582,0.1778241367903155,0.057358362290415695,0.052513628268431825,0.01346182958099883,0.10520569868574509,0.1992427734035749,0.03676337963854415,-0.04254150673970026,0.014559764830205395,-0.04329592443736575,0.0657537392655773
953.0,0.048264309553951425,-0.0559918084026852,0.05383692298265861,0.08233851314506098,0.008796802871896624,0.15032170143353973,0.021828338445434737,0.054746112536914214,-0.047188481218293575,0.07269015713555337,0.1682161104138986,0.045788387457018666,-0.04613630343198323,0.038468315707052086,-0.055300050064304586,0.06577793797701918
954.0,0.03576120160109542,-0.08287787305690954,0.07453872581636975,0.1289129461430146,0.023200879013260598,0.09326618663532471,0.0005190493561329327,0.045238788514445516,-0.10898753829448554,0.045444141902725464,0.11608586283429931,0.053636792234645465,-0.03688933160078033,0.06139490982934962,-0.05601049740079662,0.06227353182302299
955.0,0.02982532800952364,-0.07912297084768977,0.0909882500268168,0.16053665534838435,0.04509529103121563,0.02096669214063484,0.003749469286227904,0.02530508496326753,-0.166869856230027,0.02284862187593615,0.04227498833796631,0.05920822107746745,-0.014803216089234808,0.07879531012435893,-0.047868198749652265,0.05445220129983626
956.0,0.027645168729386632,-0.04380377192655387,0.10139574346860385,0.1728173981873134,0.06874684593110511,-0.050752612786458644,0.03384688435942423,0.000918046631310857,-0.2135114558058052,0.0029058508302998963,-0.04848764514805169,0.06182912680941371,0.019610303861607416,0.08818494218449514,-0.032952110816042796,0.042626286064365644
957.0,0.025748915036805077,0.014477832884051418,0.10294959206811506,0.1666247231973087,0.08693795227779638,-0.10835741947859182,0.08463219425283915,-0.01804081286638296,-0.23833213456432406,-0.01389382156677407,-0.14161613848440685,0.061865994546733916,0.06506518076210777,0.08988882476918039,-0.012753422213579974,0.028589986562586205
958.0,0.0216566872697519,0.08138084550451004,0.09277449220201656,0.145963380095161,0.09312230652998374,-0.1424049473935662,0.14372560372217366,-0.02181991271891375,-0.23074930134928912,-0.022811589898178386,-0.21388274914795932,0.06007091070322719,0.11734329009404959,0.0860299949821489,0.010065631045019311,0.014572325596921655
959.0,0.014669965150768365,0.14101247625137844,0.06991218582269126,0.11551395035452844,0.0832282768614357,-0.14862859580410653,0.19611705566313953,-0.005884776795922131,-0.1857761388873457,-0.017053352678436023,-0.24159433872537558,0.057028387403511016,0.16734425806361858,0.07856197329093612,0.030360252041442538,0.0015896646259794288
960.0,0.0058144753602175445,0.17927151742776215,0.03724300017529718,0.07978493236493435,0.056990536215980395,-0.12877486742763325,0.2276596850547306,0.026523952816508132,-0.1081541340348827,0.007459983598112807,-0.2114873596411826,0.05343059117263524,0.20185680699019326,0.06785688259823866,0.04155333586909024,-0.0110462205263266
961.0,-0.0033998241704066103,0.18635175141561847,0.0014760920137522804,0.043495869564023876,0.01824880760215489,-0.09065159881911668,0.2282681267615136,0.06569075068971529,-0.012490462811261295,0.04772956957981197,-0.12859763836428081,0.05016255105207871,0.20772543408401964,0.05293900434579558,0.0383135226223004,-0.024816650025313514
962.0,-0.01265071038431431,0.1589341301997293,-0.02909918123177621,0.011781880338719948,-0.026162028156645572,-0.04635565362668159,0.19454905656249288,0.09939519749296133,0.08090147030201106,0.0925299736316867,-0.01647029745184003,0.04753508444595614,0.1777153238709004,0.03324877841550433,0.018834861255041625,-0.04077991602662951
963.0,-0.02319896012261843,0.10212267911153025,-0.04759307802426303,-0.010615967185108769,-0.06833882960308092,-0.008128436374018479,0.13094673581674346,0.11748930220734223,0.1529923469564927,0.12596716513674502,0.09163465952141414,0.04478266783970644,0.11514287784685111,0.010186247060717602,-0.014194590817694532,-0.05854416530269286
964.0,-0.03629160210199494,0.029732203145724792,-0.050674553124834786,-0.020962422294369197,-0.10101074235076417,0.016445323966367397,0.0489161197400062,0.11516851827834342,0.1926924921853148,0.1343753098870819,0.16626997739266844,0.04088317236813652,0.034662965568551266,-0.013314235575832419,-0.05360909007930979,-0.07563168389444602
965.0,-0.05087295313219104,-0.03896899132998873,-0.039228033165907915,-0.019703428928413584,-0.11851897149948695,0.02647645830551793,-0.03565144545922114,0.09389687269692103,0.1996326993881498,0.11263825531777649,0.19267978123025997,0.035894717563581945,-0.041873458683182846,-0.034568570275865754,-0.08868344494179545,-0.08801923869691017
966.0,-0.06271884446620939,-0.08575461379367219,-0.01742785722453773,-0.010157781264723508,-0.11742321951539164,0.025550038252505833,-0.10643114578056306,0.060233416933483795,0.1821505704351966,0.06652754907814835,0.17415275745237627,0.031176373464605514,-0.0932803401564734,-0.052151901771266905,-0.10741094435094375,-0.091879627937204
967.0,-0.06592873920775809,-0.0999902241963436,0.009285915468695862,0.002992657031756267,-0.0972381811476267,0.017505303502462308,-0.15118716384736328,0.023562976016876333,0.15235826784742013,0.010112930316890685,0.12729767200274295,0.028058282154505093,-0.10722141363041951,-0.06530886814071538,-0.10013948460346088,-0.08513816919749745
968.0,-0.05582553294224137,-0.08170010810675252,0.036121721418875645,0.01550267049191062,-0.06112339274386958,0.003898607134460535,-0.16484646809099263,-0.006336297091480376,0.12065293113409398,-0.04049980442280821,0.07213122121057633,0.02636340697841323,-0.08459842414560348,-0.07287220252868123,-0.06359496840764052,-0.06772676976492527
969.0,-0.03147822012908917,-0.03981052340567544,0.059467990254014724,0.02480409035635825,-0.015786666813510267,-0.015095585735400907,-0.1496036400418972,-0.021529591519445734,0.09204332007582026,-0.0740671999773375,0.022681057633247785,0.024551802865104135,-0.03772597757944168,-0.073242871170474,-0.003499798076089936,-0.040946796567477656
970.0,0.00331139562188783,0.01293585706639341,0.07608150267303541,0.03001689489886162,0.02990439685548689,-0.03772824803914151,-0.11248605802368208,-0.017976737521090767,0.0660884536549407,-0.08831422349653208,-0.016619813575527987,0.02136966649044009,0.016466105840375857,-0.06578872533021751,0.06618069761794783,-0.007184787323437834
971.0,0.04075783124112375,0.06506309738558601,0.08259397077480579,0.031039326100108722,0.06730387872091628,-0.05885997771699895,-0.062182027697636935,0.0029809637379080802,0.03992894386708551,-0.08957183841618378,-0.048255559261232976,0.016978632075860884,0.06386335916721633,-0.05219305433718751,0.12780414026447878,0.029518188314013153
972.0,0.07149548189692342,0.10879277850981967,0.07688649208901728,0.027979341825360306,0.09037774598565024,-0.0714366124754204,-0.00688532384617799,0.034658129399437555,0.012305538790039644,-0.08823195154472654,-0.07640782397837233,0.012343710854370566,0.09691949906966366,-0.035966972922690264,0.1662759087374829,0.0631057944170039
973.0,0.08821803007755308,0.13998159220544124,0.060704091221980755,0.021557973474759035,0.09719806086251578,-0.0702907725585017,0.04627132552866747,0.06743637678458025,-0.013493499240534461,-0.09183057950635316,-0.10291518987273632,0.00806623022277692,0.11367869400761653,-0.02018452463855864,0.17374484691015632,0.08686658165978904
974.0,0.0888504375231205,0.157537272658003,0.04074034972721093,0.013652045558769694,0.09009565777549794,-0.0551228536327161,0.0911545556716238,0.09304091754207892,-0.02973884181324204,-0.09950734285573418,-0.1257821837331375,0.004354209664972498,0.11485660761556118,-0.005364761380372461,0.15091485445297292,0.09631972880588856
975.0,0.07697895122909348,0.16334221188329495,0.026094198550773003,0.006811885096150961,0.07429189610360837,-0.030442019055063597,0.1231840402066928,0.10824006532912024,-0.028200580321164927,-0.10189971164793088,-0.13998934306760283,0.00196951527913704,0.10253607119204948,0.010660823177815046,0.10523121656160782,0.09135156105910942
976.0,0.05919176703527989,0.16168438015325934,0.02339200145215056,0.002709170390483694,0.05543687576372067,-0.0032128962870393253,0.14036250085221844,0.11534108942031078,-0.005577105226468024,-0.08712157742382423,-0.14005335829247673,0.0025721418029880693,0.08097058266116586,0.03056640594008961,0.04761957792286453,0.07559165370806502
977.0,0.041388434302834405,0.15676572412483392,0.03311264448777213,0.0006153278022215611,0.037365328108111016,0.019665259141846324,0.14336614404671902,0.1191396850508428,0.033658191842807,-0.04888436092076323,-0.12333088400300768,0.0076655787709795095,0.056932845206812646,0.05417648659608606,-0.010447717211986642,0.053655131357106985
978.0,0.02632041542952498,0.1492708454508138,0.049397333684107606,-0.0027259289574135823,0.021402739355804883,0.03356497430970868,0.13393941415888483,0.12260943646866501,0.07896559381821762,0.00884904357793278,-0.09178696068681613,0.017263547001221267,0.037698628781057425,0.07624187079920931,-0.058845284659023084,0.028948416668702154
979.0,0.013392647752366526,0.13553416343290603,0.06297532851444373,-0.011230667236943673,0.007423839004236315,0.038446083275777095,0.11304336191640846,0.12444371702336869,0.1184821200673186,0.07372993501116247,-0.05026102179729547,0.029778822789123572,0.027782193035975226,0.08778001235736178,-0.0900465810133351,0.0038212761152913092
980.0,0.0005442461896371109,0.11104234884099883,0.0654452534437321,-0.02660132397085588,-0.0044580904737973924,0.03961242481740405,0.08103619223096778,0.12000969503047505,0.14374509698520518,0.13159487347268933,-0.00272618984837023,0.04287975536058009,0.026950664554462597,0.08108404850588924,-0.10014464309896617,-0.018829980280965584
981.0,-0.013142513297868993,0.07544393425062872,0.05313510586131945,-0.046450897941101445,-0.01295463804585435,0.04472179112899208,0.04006057824736164,0.10474907409817141,0.15222437256362853,0.17287085393820076,0.04951197225089426,0.05414169784331686,0.030933664239328734,0.055269779718568134,-0.08940098140512465,-0.03473861995431034
982.0,-0.02602452065471326,0.0349093231437817,0.028943021685220116,-0.06485535116580426,-0.01593547739838786,0.058840196603045826,-0.0036763869588507434,0.07764752664480673,0.14720505295614641,0.195171339705066,0.10618294302823961,0.061504356985689436,0.034413868251132254,0.018357646231829065,-0.06207708214451961,-0.039541234013097705
983.0,-0.034617454338527746,0.0001943215220147872,0.0010316982660086565,-0.07522516429616269,-0.011692627805002583,0.08209683213097205,-0.040205491632484595,0.04262531744922232,0.13566607014235882,0.2017190887493524,0.16518480681230774,0.06411246535311661,0.034386001826108535,-0.015955205218072508,-0.02566818796280031,-0.031559812433693345
984.0,-0.035582954646376896,-0.018378665952646027,-0.021038040878194064,-0.07368438461987446,-0.0003213650925275207,0.11126901195823104,-0.05908488794594138,0.007123801901135648,0.12522199712083473,0.1975418056613661,0.22106306349438526,0.06307881471161106,0.031689952891260705,-0.0350514741204079,0.010622030778664202,-0.013932512507045882
985.0,-0.027447927730988673,-0.016152321128490427,-0.030467602006680576,-0.06065578956823971,0.015765758174497553,0.14218585368416353,-0.05379491997207161,-0.021092499301696148,0.12126282721252446,0.1862574662324479,0.2658670193861937,0.0611562341151164,0.02986262195879938,-0.03341578144633741,0.03839679463683829,0.005932922127291958
986.0,-0.0113730694463371,0.0031935135481155376,-0.02563482052996444,-0.04014336948093231,0.03251055666254681,0.17019247400562185,-0.02492477025218353,-0.03721632193247109,0.12506141033990775,0.16954483104399484,0.2920331159805882,0.06105132576530891,0.03210918609244305,-0.0147165805564516,0.052684049010633095,0.019497133380327686
987.0,0.009093141635241648,0.028761316398320327,-0.010069075060741341,-0.018103505754191018,0.04543123989928931,0.1896678380538103,0.019301371813273863,-0.04141013024202618,0.13326453153058124,0.14892459299738267,0.2954502485079885,0.06339266678618471,0.03837632227267101,0.010064462549654164,0.05308882521582137,0.020756042425949202
988.0,0.029248504054580925,0.04700783576115656,0.009376396844598218,-0.0009147679078079446,0.0508031855973252,0.1952555718950747,0.06569582185811028,-0.038568959847913406,0.13912205432518382,0.12727912075288575,0.2763100648712299,0.06608608773886435,0.04476337747372877,0.026874328722528394,0.042981750295705924,0.008491388262618471
989.0,0.04481538564536136,0.047909999956202695,0.024767503546045552,0.006187456538092053,0.046684715525591995,0.1845679795208494,0.10075924863165718,-0.035649356890246404,0.13535638760082214,0.10802974288007199,0.23717584024500424,0.06575154287133558,0.04578681806189598,0.02386006157684784,0.027476956592071635,-0.013415849293987668
990.0,0.05287181636414157,0.02933804749782317,0.02914824203993327,0.0007491402325417792,0.0335076753025721,0.1589905958074484,0.11454895441567375,-0.038054079513164446,0.11748331550875699,0.09241127043779139,0.18026615853283878,0.05993728642286121,0.03770080523741393,-0.0038066536531429686,0.011202824145754842,-0.037431404013125315
991.0,0.051982319005813106,-0.0032614696443947783,0.01881203012308471,-0.015913686555587735,0.01381882151008906,0.12122761872659295,0.10220896640382887,-0.04766438843784205,0.0858633047137097,0.07726078985922129,0.10648858801146843,0.04825420852937119,0.0206413866539586,-0.051486084997048376,-0.00324278793860798,-0.05560761397863536
992.0,0.042265568951095796,-0.0412613823973159,-0.004813743829469092,-0.039243218834781074,-0.008629769721401979,0.07275305712154106,0.06410735041964069,-0.06370633478930099,0.045751061201262495,0.05565467159893971,0.016999248348446783,0.032042118164153095,-0.0015856001808127924,-0.1063291925919009,-0.015548853747150492,-0.06381653408629713
993.0,0.025947309910584897,-0.07744769104400222,-0.03539434858660997,-0.06333573344167095,-0.029741928992880796,0.014754626081017077,0.005943517010671071,-0.08459004873349268,0.00593290698575995,0.020667074548574783,-0.08409726856351499,0.013793704503584725,-0.023720145956528417,-0.15182542288023296,-0.02663940572322481,-0.06411631360173374
994.0,0.007947522513435066,-0.10751054584563915,-0.06425014218045816,-0.08280745037460525,-0.04563517239764307,-0.04826843950967684,-0.06142263825800846,-0.10815736132148572,-0.023304167936815254,-0.029936014769206484,-0.1881533690056309,-0.00275912883496207,-0.041283361578369565,-0.17360741868747498,-0.03693092766143483,-0.06265276234635388
995.0,-0.004718538680668438,-0.12837494819656328,-0.08330544055107057,-0.09349866425082805,-0.05314818252468336,-0.10665880188469573,-0.12364482450592444,-0.13047322124814517,-0.03282711066461669,-0.09101983503320374,-0.2828119041695156,-0.012702557895789628,-0.05094166989213322,-0.16406194899504178,-0.045090395664847904,-0.06442430803274803
996.0,-0.005465009198471561,-0.13584134158714,-0.08688527696561169,-0.09247281192854685,-0.05030460503255075,-0.14783765159632115,-0.16643154274317992,-0.1454642410423647,-0.018062668834163978,-0.15103423317207107,-0.3546196263162005,-0.011278289365424512,-0.04954055298444059,-0.12421439295356605,-0.048360604778477846,-0.06926487004323421
997.0,0.008390791672273601,-0.12448337141395097,-0.0727872854975914,-0.07852595406385927,-0.036709576696534706,-0.16064200931988684,-0.18002621050242495,-0.14688606949082267,0.017881280299585228,-0.1961842620127141,-0.3918206807269001,0.003834582586392615,-0.03416093038725648,-0.06293381222697778,-0.0442861084762135,-0.0720161079363292
998.0,0.033497113007571765,-0.0909790836439116,-0.04349397539747263,-0.05337100920061923,-0.014207763357834956,-0.13943423328139556,-0.16311398614471165,-0.13177348250838633,0.06358230207118488,-0.21582791701838686,-0.38680283649795083,0.030627452367380494,-0.004390431334081938,0.005648886778168901,-0.03251533874630208,-0.06631698696104125
999.0,0.06119264097441781,-0.038796565850737603,-0.006990651833589597,-0.02230839298601773,0.012407650269259865,-0.08750073776772388,-0.1245617522315664,-0.10307839902407656,0.10248998713763666,-0.2063593684976026,-0.33837051692937425,0.06229726347430423,0.03467076607329982,0.06594644230492609,-0.015445728598280174,-0.049124370569339514
1000.0,0.08058625963830574,0.01961212465404314,0.0244992327439545,0.006745174161308515,0.035811053593023,-0.018740764439808478,-0.08199646903221759,-0.06987827859545598,0.11898482501863823,-0.17167451607172962,-0.2528777633434687,0.08856667768503718,0.07154168787183444,0.10533118980314278,0.0025996908353746995,-0.023058593585559926
1001.0,0.08259187704947263,0.06542661422876868,0.0387343974904674,0.0257310734178942,0.04845394557255249,0.04474581029280635,-0.057143815704590664,-0.045145614188078685,0.104600184725061,-0.12061181795318143,-0.1430274585841372,0.09862444016052122,0.09147247706756373,0.11754650600664712,0.017219778376850788,0.004550496758606546
1002.0,0.06367729453084324,0.0802637999855567,0.02889920866722475,0.02916478104838065,0.045769343699117344,0.0803414318362601,-0.06838581167396901,-0.041647851481774266,0.0610729424747201,-0.06356836307382706,-0.025133113120251103,0.08499050837955494,0.08268553913654735,0.10338092728258459,0.025877284127229744,0.024933589326308164
1003.0,0.027806032284676607,0.05426155702678125,-0.0031538131370996013,0.01590547155264962,0.028284735805529725,0.07502803722097735,-0.1223966829678436,-0.06666017439126666,-0.001615028546917359,-0.010337208709532683,0.08353379067907503,0.046932458128161686,0.04241488279819504,0.06884013154624277,0.02876871747745438,0.03163814638345119
1004.0,-0.014819912489535408,-0.008560132197655067,-0.04765952597508941,-0.010243276261967606,0.0016203775166562604,0.03188297072902178,-0.20896633286956115,-0.11722050003555887,-0.0704931489831673,0.03060909668813711,0.16748578537274114,-0.008246358157035878,-0.020921600163431708,0.023137617149446926,0.028089893448395947,0.02332099231089926
1005.0,-0.05187584983258954,-0.09082427157661441,-0.09038572054463433,-0.040927826410967975,-0.025299869264198603,-0.03148324742082592,-0.3029152101276917,-0.17871685210798183,-0.13444145503346833,0.052841242019187294,0.21676497328401778,-0.06702927666303465,-0.09080398449622558,-0.021996678960082425,0.02632486871998209,0.0045185977417679666
1006.0,-0.07361966223446542,-0.16829684456415367,-0.11654137069018006,-0.06484773804424161,-0.04304972406298641,-0.09147381401375254,-0.3731520943453578,-0.22883307709799122,-0.18612914802741806,0.05374068233756509,0.23052533389621485,-0.11408517164888378,-0.14899272289630905,-0.05308867561528346,0.024784231609671213,-0.0161547799300816
1007.0,-0.07579064479252265,-0.2188292068209225,-0.11436106255326121,-0.07079892509037425,-0.04467872258174407,-0.12893853692817256,-0.394679975996955,-0.24609577032264313,-0.22077705929367958,0.036325737369496874,0.21768707017308994,-0.13741031056601766,-0.1813867642189732,-0.05789301965987144,0.023348099468273167,-0.029666328321060323
1008.0,-0.06009575793604363,-0.22933380738239603,-0.07861562984795734,-0.05180370700181722,-0.02815127413269262,-0.1368006612134071,-0.35818054184870224,-0.2192588464272372,-0.23377095242198412,0.009074897347381573,0.19319811046965227,-0.13232221747857434,-0.18085940926420357,-0.030179085776245493,0.02131816351661416,-0.030460943954794543
1009.0,-0.03315481020878736,-0.19891175193464716,-0.013542135621116372,-0.009045928098117046,0.002409596418675491,-0.12241017929177683,-0.27351954064876177,-0.1529115130495758,-0.220544679179712,-0.01708389715787741,0.17134921093079916,-0.10315362645667606,-0.14769752144241646,0.02629400211688153,0.018324489874037782,-0.01910860853296052
1010.0,-0.004227661600032168,-0.1382350276468922,0.0666990634978986,0.04670590385940264,0.03764417718952662,-0.10338771280992332,-0.16566801105117962,-0.06652878816891836,-0.17975125416256732,-0.03335525876281374,0.1595821878729776,-0.061861390694137486,-0.08936765069730758,0.09708413555442356,0.014612563888867969,-0.0024643461486198648
1011.0,0.018279032862356284,-0.06532545224810292,0.1417325865860954,0.09810064101926018,0.0663832153560182,-0.09780716342818532,-0.06422304886454715,0.012726500023334022,-0.11666844350823581,-0.037116694263961685,0.15575858413957452,-0.023547604002928296,-0.0196780038224236,0.16057863501981173,0.010969392716195537,0.009256127920803534
1012.0,0.02989371911565255,0.0009866611963285522,0.19195277497824448,0.1279371208895684,0.07996710427357079,-0.11363803289269707,0.008434642608937197,0.06024106058204514,-0.043503726127275495,-0.033751140730766196,0.14967903247791375,-0.0008004516109892739,0.04387785550032495,0.19486902216503554,0.00855014466437595,0.007341349322446001
1013.0,0.03072689223870161,0.047064285718971324,0.20542863379029405,0.12637458286249947,0.07501069316894954,-0.14435838225937053,0.044020224451468436,0.06279392001184932,0.02387932175794564,-0.03527529794659074,0.12775316285965213,0.000396947133320853,0.0852143873284237,0.18571359475417087,0.008455751860213698,-0.011139312879909486
1014.0,0.023934440982773784,0.06776863300574516,0.18155640800790773,0.09488883095174665,0.05352137630533133,-0.17405481425877467,0.04761692625240647,0.022680070446288163,0.07103676645935691,-0.055652110721685945,0.07902220728231081,-0.01833311780436188,0.09586012646854201,0.13237990131854935,0.010894462479395548,-0.0417766509664601
1015.0,0.01364500796270687,0.0665238242366253,0.1302267694337269,0.044835906952345,0.021039868200004964,-0.18784857219732712,0.03161025264505591,-0.04411382736132417,0.08923413041061146,-0.1041106698995692,0.0007297303449492647,-0.04976149682290206,0.07867307288785257,0.04832449656399826,0.014200764823973052,-0.07464192661805452
1016.0,0.0033306734226145524,0.052553511521317514,0.06719038783484352,-0.00832516692343559,-0.015691532443983726,-0.17871553791987704,0.008779861894279211,-0.11467025696119693,0.07730867621096803,-0.17910314457716608,-0.09835524771457216,-0.08467144658944495,0.04581804051568668,-0.04401694810767433,0.01472505665905206,-0.09857816299889634
1017.0,-0.004954793930327876,0.03636724070208644,0.00794052932500053,-0.051248066340206316,-0.050224911564814276,-0.14618230842129035,-0.011957755312243834,-0.16745622550178807,0.041433060985421204,-0.2659949826016035,-0.19856890928859106,-0.11505548623207676,0.012123033608933322,-0.12154730186101306,0.008366230254862751,-0.10576646545832857
1018.0,-0.010414379488229422,0.025063404661627462,-0.03674971195019368,-0.07583757430985562,-0.0768648574897846,-0.09192528080052624,-0.02643046670416156,-0.18813063883367437,-0.006753413709347317,-0.34099733628662593,-0.2750950829898623,-0.13549592780725936,-0.011256830048261115,-0.16746794196750214,-0.007180378940540423,-0.09427708759933542
1019.0,-0.01320786394994782,0.019389648919354054,-0.06194343514099845,-0.07921275527286756,-0.09110389420436102,-0.01963013946919427,-0.0339653174584915,-0.17132820164499818,-0.05421460149322335,-0.3810133095556854,-0.3078497247960151,-0.14289320703527114,-0.019384487412325024,-0.1744700132544351,-0.03136755857076011,-0.06782298229785476
1020.0,-0.014540264998733676,0.014270798218453708,-0.06748214757717941,-0.06299474776695001,-0.09084906979223807,0.06132580890943821,-0.03532261951737089,-0.12009673068013631,-0.09158651478490785,-0.3741694472909125,-0.2904912990433775,-0.13580452295419024,-0.012881062290480026,-0.14531265132372917,-0.061441228846656384,-0.033606120605761916
1021.0,-0.016410900912706684,0.0028012598535504603,-0.056928805296760594,-0.03331470494171513,-0.0776707413274691,0.13528119053946355,-0.030628184784986526,-0.04484228683539555,-0.11562941557328098,-0.32419482580756565,-0.23234098990410754,-0.11431895882033606,0.003957216919761478,-0.09225298725487485,-0.09334793502340535,0.000394995670859371
1022.0,-0.02059503547290885,-0.018787269116300638,-0.03707916506283979,-0.00021148457133862255,-0.056711558089072044,0.18583884898802944,-0.018290792597823187,0.03829221198113442,-0.12791030273456644,-0.24688168237092628,-0.15254171804043315,-0.08045664720823219,0.02493291611172208,-0.034107257071959246,-0.12180211088387273,0.02769058276343309
1023.0,-0.027626616368749985,-0.04848904917724922,-0.016913973935366474,0.02517462523932755,-0.03502719577791081,0.20281838277623,0.0041105745347276915,0.11051109069006525,-0.13240357565985905,-0.162676805570451,-0.07202090667645228,-0.0387616620876802,0.042561883083973594,0.010247777003048974,-0.14021498558728673,0.04461428517165862
1024.0,-0.03637380556682865,-0.07938875580860408,-0.004866206720238107,0.034991829648357904,-0.019062278135802826,0.18516162519364945,0.037481271671176486,0.15526794605120495,-0.133982328479348,-0.09005632632002723,-0.008373216169000865,0.003611981399873859,0.04814815511677157,0.029535229946072255,-0.14166709093400714,0.050850025990929776
1025.0,-0.04431932670025361,-0.1026282116059329,-0.005058789820625858,0.02816937453057789,-0.012199821681827299,0.13972669400342042,0.07953562231586817,0.16416970388430197,-0.13745204614346548,-0.04159279759947348,0.026170958159752827,0.03848812450259844,0.03402332606616731,0.024493390359089554,-0.12123259163268921,0.04935990693385325
1026.0,-0.04877469262280812,-0.11087277169405585,-0.015230646852221258,0.010525658226366908,-0.0135935815367772,0.07882345108219718,0.12507113788984758,0.14096982331885774,-0.1465310452845096,-0.022319540280267825,0.026269386035478,0.059772992187312794,-0.0016681687934428028,0.0063059384468436164,-0.0789657636423722,0.04539749065158709
1027.0,-0.048602367806974904,-0.10139132798318412,-0.02849160923834934,-0.008793584913799397,-0.01910271777877362,0.01746486434895375,0.1675762001306572,0.10008769001315491,-0.16261062489745426,-0.0296977996185112,-0.005017196072397414,0.06576634366152412,-0.05161317588103437,-0.0101607482209151,-0.02183721318173811,0.04436652961532545
1028.0,-0.045067590128192864,-0.07751745352782866,-0.03787145006812142,-0.02205193477516603,-0.023830468472376343,-0.030550453491561824,0.20134549355959164,0.05959141435267579,-0.1835214615674115,-0.05515076768457904,-0.05695021549470582,0.05894092509008527,-0.10098674240970985,-0.01434606942227195,0.037227747748188496,0.04935346633451184
1029.0,-0.041053544615159865,-0.04737697620082085,-0.04060539560270062,-0.026014584726478666,-0.024816578005745688,-0.057131117148088224,0.22332739230765736,0.032962740392419365,-0.20333247209610128,-0.08656485925438454,-0.1147077504716826,0.04398733275083056,-0.13364227115826866,-0.004749935516094496,0.08337971335670334,0.05981624273279814
1030.0,-0.03929577894195184,-0.02041421286512326,-0.03961606700460784,-0.02238044163790403,-0.022411417717275162,-0.06217554639046341,0.23332395373224202,0.02443623559948153,-0.21411679226532934,-0.11058943470093997,-0.16348601939027863,0.025752775096583316,-0.139573779440368,0.01159533012727214,0.10515290586295571,0.07222990093856968
1031.0,-0.040688028968754224,-0.0035142790296084432,-0.041348556063786075,-0.01596780568065631,-0.019512308256922507,-0.05189532826800265,0.23228313300362338,0.029653179819419943,-0.20881528839054334,-0.11485718373736209,-0.19150327818064644,0.007909416026209565,-0.11967719639763215,0.023896472148942846,0.09856133013767568,0.08223857557373201
1032.0,-0.04354859358661817,0.0015616286794810487,-0.05135076893541804,-0.011799815645151096,-0.019148709377595288,-0.0348119378328458,0.22049901291008056,0.040044578593722756,-0.18327818459681458,-0.09101084266030891,-0.19232387737834658,-0.007350741307966736,-0.08506228974701405,0.023561450902538174,0.06815856737915603,0.08705276771659304
1033.0,-0.04457920594867962,-0.0016611044729668621,-0.07037205346737752,-0.012556537640460087,-0.02208149266491652,-0.018415454305092616,0.19743994815023316,0.047972844621551346,-0.13715972263577328,-0.03783780790360838,-0.1664443561236097,-0.018737243370485372,-0.05131975936791309,0.008296622225125493,0.025119133606322536,0.0867992557863846
1034.0,-0.04119927296999411,-0.006736366667664837,-0.09297613657162669,-0.01740673117691045,-0.026031222500409977,-0.007534961523487623,0.16320577643929304,0.05025851109841845,-0.07478141549621847,0.037471411095100944,-0.12111090841425298,-0.025174693074453126,-0.030996802100165168,-0.017056255603139604,-0.016145634761529373,0.08411226249804626
1035.0,-0.033598016666736806,-0.00815622363515242,-0.10942857110269633,-0.022537848925367705,-0.02707011897743931,-0.00354292186373358,0.1202815699902153,0.04881244948872358,-0.005752685212550443,0.12102874474018405,-0.06775236489831066,-0.025943026029631618,-0.028414584124601378,-0.0428706426480445,-0.04189281062114554,0.0822159110853201
1036.0,-0.02485627758929786,-0.004630868186265944,-0.11055808509322207,-0.023128437168066104,-0.022271098303987033,-0.0036459626844321143,0.07394023206624653,0.048152526052087245,0.056649863105822186,0.19670665080866523,-0.017204273031880872,-0.021790040877462398,-0.03961101053027132,-0.05922523785957351,-0.04321065257689093,0.0827737927842529
1037.0,-0.018829678303130537,0.0004901371055794725,-0.09286093843597679,-0.015555006315377255,-0.01151158195319128,-0.0006736848433168452,0.030826977297218724,0.05144670158634505,0.10009833028791705,0.25205093222902036,0.025512337818135097,-0.015801475044329247,-0.056551807068496045,-0.060079192315831614,-0.019209864828378446,0.08496643180193535
1038.0,-0.01724313241298359,0.0020176020744692535,-0.05990842434339296,0.0016721513459428705,0.003112698921795047,0.015111169270005543,-0.0030755547910710757,0.058183364126821256,0.11817898188069034,0.28271881081483863,0.06304381207345063,-0.012567876352798645,-0.0717392831387634,-0.04459929549997551,0.022527660083252108,0.08617682250827294
1039.0,-0.01847986605636506,-0.003510389727253527,-0.01964421646560605,0.027996618647761384,0.01922905782231807,0.05107334549028076,-0.023984920930233952,0.06491382547886458,0.11214904791690693,0.2925983406519864,0.10185990148338225,-0.01599057265592389,-0.08057180627313862,-0.015993007867765148,0.06854460147236871,0.08341678639758657
1040.0,-0.019297018481941507,-0.01616439660266223,0.018776747670128286,0.06023391133133274,0.035033538519356366,0.10600460844679563,-0.031377675402055216,0.06740312357453657,0.08885758973219597,0.2898546663186201,0.14553230765290598,-0.02763401803408404,-0.08206367808603054,0.01962283477701842,0.10399472193002145,0.07446297383291263
1041.0,-0.017726927205149463,-0.03310572842170869,0.04629914714247716,0.09138880798220522,0.04846895635163995,0.16736183509143288,-0.02840850992139131,0.06223358666854557,0.05702728580686178,0.28180127053431075,0.19041183420379335,-0.04661513914490171,-0.07902285986932807,0.05374429102247364,0.11781983552629317,0.05845503707356186
1042.0,-0.014447165070039713,-0.04990838197580737,0.05504510980255335,0.11136780946749915,0.05654272509366826,0.2151951659727066,-0.020791534554142607,0.047905894177897146,0.02426616083532991,0.2713066934214714,0.22630037736212863,-0.07025875986987304,-0.07674915661938893,0.07724091383020155,0.10698492678038593,0.03622618576494369
1043.0,-0.012210833202981634,-0.06195433224905026,0.04097280903550009,0.11098483140793393,0.05629371229059605,0.2308605187289715,-0.014058115826008747,0.02610800507857592,-0.004197526490220837,0.25593223978192775,0.24103440741636623,-0.09465238788273218,-0.07938404860046304,0.083818232901828,0.07728661743360052,0.010347711086026045
1044.0,-0.014519056615909586,-0.0658520911933099,0.006959552254581906,0.08712945854952052,0.04685746974752314,0.20514035137463224,-0.010810866470871242,0.002519421752921495,-0.02536554759400297,0.2298807025808433,0.22611519918921535,-0.1152166376307063,-0.08629065419074626,0.07292313726893511,0.03992629964206685,-0.015407895076127758
1045.0,-0.023689139514757672,-0.06061528959747297,-0.036317093858808894,0.04544919906505656,0.030899271036419935,0.14163122780940307,-0.009897469512064393,-0.014225745410143693,-0.037509239750001165,0.18811022717569992,0.1807056488096632,-0.12754935328748962,-0.09181384967200597,0.049939309715677095,0.006288473060191442,-0.037205672642071565
1046.0,-0.03828141466160669,-0.04782797354378381,-0.07319124553879984,-0.0014164704076965412,0.014107657178065445,0.05460258274347241,-0.00781936969413605,-0.01569962364215141,-0.03876177243429056,0.1310985647219247,0.11290367481773414,-0.1281881158553531,-0.08818624476766738,0.023562904612095262,-0.01604179991935996,-0.05245847046169508
1047.0,-0.051740551615977314,-0.030394863270975916,-0.08897290734708127,-0.03949702721179103,0.002713368702608969,-0.03704176414425958,-0.0011404845545754819,0.0022776582311591982,-0.025976297044030594,0.06771413678754092,0.03849394819860489,-0.11504397944762688,-0.06905431684712608,0.0014677916583083536,-0.024818308553752673,-0.06055550803650187
1048.0,-0.054628326941780214,-0.011105028109833477,-0.07657692796029789,-0.06032381768235222,0.0003995398862293811,-0.11670853931080792,0.011279506758779855,0.036650662189353714,0.004724007655068233,0.013492447847322056,-0.02281363146687653,-0.08800216630417573,-0.03280407065872052,-0.013762013760349303,-0.02235338352292737,-0.06241634880541309
1049.0,-0.04003642044157061,0.0073085643774869246,-0.04044277879675958,-0.06482675785182698,0.006402418674753188,-0.17453227008492855,0.026846216634714988,0.07706171853467042,0.05490222268295531,-0.015866168479629145,-0.05361290701978662,-0.04989933724958553,0.014530020077330978,-0.025610031477082483,-0.01327907547592179,-0.05912613969755254
1050.0,-0.008550091694003344,0.021306075893418486,0.004489637677774507,-0.0616000813779713,0.01564670803002719,-0.20742293286891694,0.03933018782759218,0.10933606402348298,0.12007976904418753,-0.012038662825430698,-0.04557314912820554,-0.00689158169379948,0.059167903026172156,-0.040299838026808754,-0.0023760687943468377,-0.05073486945615263
1051.0,0.030761216669167597,0.026897296798163148,0.03863911896826177,-0.06079513239463884,0.020771452462144863,-0.216368957560274,0.04092151693857981,0.12103887753084103,0.1887048820502562,0.02172675343370814,-0.0033045249375822736,0.032805124842222255,0.08454531001033334,-0.061625846648927306,0.00648297260313138,-0.03631269264917859
1052.0,0.06412209806463981,0.02129556917128005,0.046294769777872606,-0.06764173272181975,0.015458899710050617,-0.2045858347038072,0.02547447267557926,0.1067152988991614,0.245139203168225,0.07101871101477013,0.0565775837215427,0.061589797122279695,0.0796785597346367,-0.08774161927390133,0.010690955870090146,-0.01538156581023197
1053.0,0.07982568958497968,0.004514127443257031,0.02324060671861239,-0.07924804499794584,-0.0022524197295691172,-0.17810385688432742,-0.008493512668480868,0.07080353987655157,0.27495273401545345,0.11425569717776714,0.1101516497385847,0.07547970017585146,0.04605001392496557,-0.11145265659233508,0.00942462517197327,0.01032067189578319
1054.0,0.07430594989068141,-0.020066256495780154,-0.02039924112641962,-0.0862161389647236,-0.028549254133673516,-0.14704517522540675,-0.05660398574201184,0.02628570863602973,0.2700212896366009,0.1295028100486429,0.1330116770987037,0.07599855099722794,-0.0017025037873156727,-0.12314815351409586,0.004147404296535384,0.03592166376724545
1055.0,0.05357608066255492,-0.04651160191944507,-0.06436602596119617,-0.07812777693100505,-0.05538760451087846,-0.12490435434388537,-0.11017768829327325,-0.011573558251410739,0.23156455375749055,0.1028585482837683,0.10854179028004798,0.06967501988342507,-0.042344572910534846,-0.11492396503506669,-0.0017625338774133784,0.05407200774924726
1056.0,0.029141091103458968,-0.06784405154865761,-0.08803345589021892,-0.04988384397201924,-0.07425450880654035,-0.12479394919730631,-0.15939134328223445,-0.033333642712704635,0.16974942777446025,0.034577428897240914,0.03551208950756755,0.06516041661706434,-0.057799398954736264,-0.0845432161740443,-0.004555574386436394,0.05760943166384355
1057.0,0.011430102914322527,-0.07732713006623104,-0.08046895082106222,-0.005294332563743354,-0.08004789633359737,-0.15399304632751243,-0.19566091381075074,-0.03998429366976573,0.09959090071882941,-0.06134334469705842,-0.06991190876673663,0.0693945767361196,-0.040348907869097166,-0.03767967834886547,-0.002265537110884318,0.04336648382626524
1058.0,0.005117254394837998,-0.06989776164985466,-0.04485321226759867,0.0441375116134285,-0.07301162832241011,-0.20991198392701546,-0.21257325668117097,-0.04112907925290224,0.03518799464838102,-0.16406432512413266,-0.18100980124113838,0.08460682899680874,0.005542395882976358,0.013099965979576966,0.003717136360510901,0.01451111498744529
1059.0,0.008905078458246044,-0.04411564597646359,0.0050326039207317895,0.08456569365386454,-0.057855183053905565,-0.28040744958468833,-0.20642543711133288,-0.04842256881542672,-0.014578435382827402,-0.2546975386209726,-0.27293630993658896,0.10743171471992627,0.06618691770202695,0.053075688682348535,0.009070126448480787,-0.020594491734735036
1060.0,0.01879526618877686,-0.003415421359748483,0.05312307011355189,0.10639224969789336,-0.04076517490934972,-0.34852799637929965,-0.17705788848045895,-0.0686548502351598,-0.04744569611746779,-0.3222576929934227,-0.3329733707627651,0.13036365701332708,0.12435767236514109,0.07209397252663718,0.009179384439881264,-0.0523577569558592
1061.0,0.03138650810798926,0.044675426899592856,0.08834015695837884,0.10838065451752865,-0.02629307598740506,-0.39849567050945256,-0.12856986109795876,-0.10057431732292302,-0.06681339982094842,-0.3649146329550872,-0.3631100016525757,0.1447387395166244,0.1653707600286168,0.06946897323514313,0.002000135657150689,-0.07427397243984273
1062.0,0.044810886305284174,0.09089613162085129,0.1070802005382126,0.09685721732757417,-0.016078337481088993,-0.41928652904652536,-0.06907374697952788,-0.13684755261743653,-0.07922151467064499,-0.38700340010588874,-0.37481555173265585,0.14422645452841473,0.18146679016202072,0.053551278182970265,-0.011286288977388693,-0.08521116921213352
1063.0,0.05785273303232966,0.12651144257018077,0.11157229261304316,0.0810338192895178,-0.009607203320948193,-0.4050089754650032,-0.009189630033229746,-0.16883669257269315,-0.09099621217283702,-0.39336553398099544,-0.3794215407551675,0.1279083774113307,0.17323769486475937,0.03609333087980482,-0.02792508084995273,-0.08859082487501944
1064.0,0.06893526351715971,0.14456074398676214,0.10692322725505746,0.06819535054265062,-0.005516225072293093,-0.3543184751542085,0.040083617446827174,-0.19020486123722832,-0.10548253169108386,-0.38409058266029944,-0.37948231029693597,0.10150451869745608,0.14813116162425402,0.025607375655329164,-0.045492747990699745,-0.08932880497330052
1065.0,0.07573650844249635,0.14056457634264308,0.09853957668502603,0.061461682044116665,-0.002309896439100077,-0.2709706167687781,0.06936327647155822,-0.19770198879613002,-0.12217088823665095,-0.3536777513464118,-0.366680853109415,0.07516251090327965,0.11700911043348215,0.024061736253691273,-0.06237936870032204,-0.09077561927737586
1066.0,0.07549276755339655,0.11340863999138615,0.09014795440618016,0.05995607470659452,0.0012720758264903064,-0.1650678460688776,0.0727643504628435,-0.19076297450081556,-0.1375334302126793,-0.2960460920058408,-0.3281284313946197,0.0581200598510115,0.09016414922348125,0.027780741876525836,-0.0769118948401271,-0.0934344231872326
1067.0,0.06596520840404005,0.0663315162132854,0.08259164763362674,0.06000226695387618,0.005770174959633636,-0.052790130524134886,0.049858993093545925,-0.17171764986974733,-0.14637241090239778,-0.21155832029066796,-0.25670662284911056,0.053533186926909025,0.07415767183932637,0.030427815955632313,-0.08627682176134503,-0.09556535031902436
1068.0,0.04656222544789794,0.006995330918522051,0.07378839721211508,0.05674841869382357,0.010632363775840212,0.04715462195983968,0.006820776175696997,-0.1462089635075724,-0.1430984326917308,-0.10995869455806577,-0.1577128610010138,0.05740451891723498,0.07026849423160512,0.02596952543491435,-0.08654000585513358,-0.09476975718156555
1069.0,0.018860032113287076,-0.05428918751623556,0.05983019995338412,0.04635949944545069,0.014362152602544401,0.11982038473252025,-0.04461702021741198,-0.12208107270747776,-0.12336310628558475,-0.006917374376759388,-0.04709164532747955,0.06232025970443085,0.07488700876962585,0.01111101978812509,-0.07437475767006067,-0.08948303217106272
1070.0,-0.013622836080196718,-0.10748123972047874,0.03694321878597985,0.028074023101752364,0.015207350593726819,0.15993709268576875,-0.09049439165237327,-0.10616639625044993,-0.0861549558741982,0.0828124239810571,0.056783025227174724,0.062494390603288874,0.08171222100808252,-0.01308693574268707,-0.04951691577398706,-0.07940550362984737
1071.0,-0.04606762181279078,-0.14483045082662774,0.004032549557611118,0.0044685595785743755,0.012221576257175397,0.17370610407212259,-0.11895454106361712,-0.10081483567402007,-0.03514606652019171,0.1511931543280854,0.14168521401834472,0.05592365111012744,0.08451716069058546,-0.04137378992061568,-0.01576682625761804,-0.06489702307262729
1072.0,-0.07318230486500131,-0.1609054191683788,-0.035160541553718005,-0.02028617898513385,0.006367020181602952,0.17509251618696106,-0.12374257008579793,-0.10246809975940001,0.022088991641060887,0.1989014371039385,0.2054441425506246,0.043175301964553915,0.07907117893791127,-0.06627059398802797,0.020609661601206215,-0.04651729041311813
1073.0,-0.09009282106518829,-0.15181026326296748,-0.07210804605001345,-0.042281429227518444,0.0008935007301671807,0.17901242286329888,-0.10536575258687368,-0.10273956160453755,0.07671854560687869,0.2329830165634553,0.25425553718156385,0.025781645821434503,0.06418405820323378,-0.08047934830387818,0.053824864563535295,-0.025250586456386004
1074.0,-0.09323187965081958,-0.11563512846900885,-0.09662990510629971,-0.05853296655102368,0.0001760421938489805,0.19545958400349162,-0.07001952379680759,-0.09144626908684533,0.12157576571733664,0.26209849681590836,0.2980403929982635,0.00603568582281529,0.04210830203393499,-0.07898571428651176,0.08052599631447607,-0.0027113588920358784
1075.0,-0.08135726293298255,-0.054666427582390945,-0.10153518268521274,-0.06711085683904973,0.007194671799440586,0.22675459454470637,-0.027659701662835087,-0.060957005859877546,0.1529714098184464,0.29249363951626123,0.3458653871783555,-0.013101941633225152,0.017459985413101564,-0.06090331127491187,0.09956181345112583,0.018963487813899494
1076.0,-0.05664068936120007,0.022445065355881696,-0.08576378308863396,-0.06750237299853118,0.021421885375876314,0.26783723125058473,0.010480077195475293,-0.009998481422571313,0.17065339368526797,0.32612393957408586,0.40231145026606885,-0.029079649905398217,-0.005301796251363511,-0.030236160115879176,0.11041807500506565,0.037137194278700186
1077.0,-0.024909436535238805,0.10126583466045001,-0.05426174334301414,-0.06096136284068288,0.039024808098398686,0.3090752423338127,0.03566545803599289,0.05532722280599936,0.17610145071419525,0.3603790940644085,0.4647851276460023,-0.040681795847750765,-0.023712809129848304,0.005554623101214067,0.11219909821200662,0.048850344208715035
1078.0,0.006040092445626567,0.16579502070933996,-0.015449242132244677,-0.05044838143775638,0.05516154136747043,0.34062347345726585,0.04556934587737225,0.12357432020083173,0.17077875652433075,0.38908687505084183,0.5230788769037702,-0.04772858223921665,-0.03688980873802608,0.0386411194478322,0.10404900912821882,0.05177837164574154
1079.0,0.02958232542528655,0.20394911449492412,0.021791396273861476,-0.03988779835642775,0.06646749739232277,0.35624276583841447,0.045049219674376625,0.18190862077010075,0.15593544542184803,0.4050386670413791,0.5626188503257946,-0.05018594702219018,-0.04384829583235178,0.06380921415974683,0.08641878475658384,0.045654877439813724
1080.0,0.04270490257079778,0.21095537148690863,0.050416441260435235,-0.03267484946149858,0.07229335788297876,0.3545940682251981,0.04252951710417545,0.22073286181249305,0.13349578563823863,0.40319993952728334,0.5703212227472522,-0.04783148083857496,-0.04279713437948926,0.07982126717770976,0.062061054373187235,0.03300923609448533
1081.0,0.046119184579471825,0.18964380792793,0.06623861137649428,-0.03027758101690948,0.07417931322350303,0.33787768654453,0.04496161474893177,0.23711558770096203,0.10650177377999602,0.38254267312741874,0.539772589535135,-0.04080381815066234,-0.032463969464766415,0.08849618122210831,0.03572998576765173,0.01855296131394889
1082.0,0.04256002342442375,0.14881151717755065,0.06781575422923387,-0.03199984900635598,0.07393515637110244,0.30966718777178653,0.05505056207546455,0.23530289594891748,0.07872409952276695,0.345377461113523,0.4732094632478137,-0.030371852529159707,-0.014080638562022827,0.09227810328942876,0.012358716305900849,0.007777111830021686
1083.0,0.03488219702422324,0.10066342676290388,0.05626464358549491,-0.03583670060692682,0.07193825446316149,0.274002715577325,0.07123925336441687,0.2241111898428767,0.05383302794720712,0.29524498593192505,0.38014786519031507,-0.019037152315197908,0.008126108241498328,0.09231072895257494,-0.0049904678372322715,0.005694283574295246
1084.0,0.024999723937906317,0.0579012722188048,0.03545036640395266,-0.03956169049704845,0.06721332618534355,0.2359363193005318,0.08911040883293593,0.21242661542724045,0.034070128872034124,0.2349349533197303,0.2737371485121527,-0.009753499050656984,0.028338935385382954,0.08845649187012931,-0.0156802274113552,0.015778007296130717
1085.0,0.013867491258951085,0.03133134742240827,0.011717449335245144,-0.041348888136959416,0.05894575689816224,0.20171863376008933,0.10380200956235594,0.20523851856980133,0.018593007286508038,0.16523489517973844,0.16599478537977072,-0.004649053714666725,0.04128759916588241,0.08081580180938255,-0.020539861421983868,0.038682817136863897
1086.0,0.0019632318816000948,0.028114767548947366,-0.007534485713809462,-0.039774991398073736,0.047582001770870075,0.17700129386389232,0.1127811422852033,0.20260317767671004,0.0027937150295294314,0.08501374087506865,0.06384423162672437,-0.004006400608622318,0.04401586522053448,0.07098924267172686,-0.021094438422720675,0.07117833101998874
1087.0,-0.010478285554985077,0.04970245174848413,-0.01619959678787722,-0.033774495040863654,0.03438346452664691,0.16379243500205304,0.11663623248248066,0.2014207545123886,-0.020071966057997596,-0.006407759186282831,-0.031259794029899805,-0.006480027234720375,0.03664167684256731,0.06162326643518571,-0.01992052749507894,0.106441176778226
1088.0,-0.023430964126827672,0.0897786299122005,-0.011933258959682669,-0.02324313908539113,0.020234920136400276,0.15873751951413312,0.11668386124982137,0.19772977176537015,-0.055243411161535416,-0.10521936907184432,-0.11923881679287801,-0.010581458556200933,0.021869314078893497,0.05451032754727906,-0.020847153738817105,0.13607024247217092
1089.0,-0.03682851669025182,0.13466249340731914,0.00241570976208498,-0.010007245239847017,0.005214334139869636,0.154412457683097,0.1119050204387125,0.18802201187154716,-0.10277168641531706,-0.20034769096976665,-0.1960708196306297,-0.01596034396432465,0.0035363062987227925,0.048955712329154806,-0.02743980604733385,0.1527537475784313
1090.0,-0.050416562824993655,0.16772315422017736,0.019506912433641287,0.0019533777622063966,-0.010722387115985077,0.14304027185597867,0.09882450508686155,0.16989725933765626,-0.1560245933975835,-0.27499514929592117,-0.2521324487087853,-0.023170119325082277,-0.014964267095631681,0.04174653103366878,-0.04050918773541616,0.15222498567516562
1091.0,-0.06399320533009961,0.17609093902092715,0.030559566253578273,0.00784804054841355,-0.02674694614494654,0.12088835523928092,0.0749042756700767,0.1429105482152102,-0.20359981161762997,-0.31302414712934745,-0.27629753929935663,-0.03225844560562784,-0.03125156804004059,0.02888979271007062,-0.056940729846318816,0.13411460042490891
1092.0,-0.07739334562967118,0.15602351677057782,0.0294311686491861,0.004729572684386017,-0.04073625906305142,0.09133510703075898,0.04269331858308,0.10972774706837257,-0.2340844275104338,-0.30717234466613486,-0.2634305515883033,-0.041690325255266676,-0.043265500986505036,0.008417882613650562,-0.07090349872812031,0.10186495501169128
1093.0,-0.08986485399746959,0.11409231254334562,0.015291628575142758,-0.0061812511531054055,-0.04997903211958957,0.06404255953524049,0.01130032713485175,0.07646293697553545,-0.24114398354144972,-0.26398423288514355,-0.22019948346727955,-0.04883153493009331,-0.048719818877144556,-0.017575345393919358,-0.07663730741483647,0.06160716449696299
1094.0,-0.09964408983972134,0.06373032827929308,-0.007691959682405906,-0.01957588794903844,-0.05288411986850082,0.04893150930933694,-0.006554304233214228,0.05085414103046444,-0.22604658927548132,-0.20202649888407875,-0.1648073184691193,-0.0517673884508719,-0.04600434292943769,-0.04369663356948635,-0.07149564546486765,0.020205361061308266
1095.0,-0.10436902836030823,0.019131927625031787,-0.0327247294350523,-0.028761032105761468,-0.050315614399900836,0.04848593617370451,-0.0007473717029797454,0.03879625498828874,-0.19638283851984897,-0.14411203489827257,-0.11967821949932274,-0.05089237332479951,-0.035914467482642654,-0.06436517287578825,-0.057747448343387124,-0.01651706988118156
1096.0,-0.10189560788900304,-0.01034143372897854,-0.05269875568730662,-0.02895073653599243,-0.045094880943005906,0.05511036116181907,0.030245777383430865,0.04155690054029392,-0.16164706294787753,-0.10715905555922141,-0.10036798597736302,-0.048930033327232794,-0.022761274846201024,-0.0765267679043409,-0.04176173219046969,-0.044639827336245816
1097.0,-0.09085890296638072,-0.022903540207152653,-0.06186965885100141,-0.019180336133424035,-0.04016316012624593,0.05609086342285078,0.07700485276483489,0.055355333533666666,-0.12800928360180108,-0.09452362036912244,-0.10722177764811514,-0.04946594863361605,-0.013953918993019085,-0.08030539821288471,-0.03083398608398324,-0.06236584719459795
1098.0,-0.07080160248974178,-0.023524066087308525,-0.05739689668994058,-0.002252519208141909,-0.03709818116376283,0.04156370836615125,0.12209966582475479,0.07324820719886627,-0.09566654856731889,-0.09559715060506865,-0.12580805697685707,-0.055019769807927436,-0.017442992383600368,-0.07801793743224224,-0.029578006901513482,-0.06991677273177435
1099.0,-0.0422019330515948,-0.020160623667229,-0.040272007314095117,0.016858988743343937,-0.03575169557009622,0.009246427588713064,0.14741547566706967,0.08820180903497382,-0.06056775177714046,-0.09367084011347013,-0.13620167700357366,-0.06573039385792202,-0.03756599062693894,-0.07245753030090032,-0.03777491445379712,-0.06898495439084035
1100.0,-0.006876047455708223,-0.019022433306279982,-0.0148363056889387,0.032998204388052614,-0.034920039158335026,-0.035929641615585164,0.14235642605179433,0.095810374493584,-0.01875784569035662,-0.07681736335531542,-0.12461901129050132,-0.07922259647995378,-0.07176490757146735,-0.06535897886114723,-0.050694067959618234,-0.06184969085824628
1101.0,0.03156412386376667,-0.02159801538187167,0.0128403986381868,0.04225800949542844,-0.03359616300585429,-0.08493018490642787,0.1085057140257151,0.09549235382737498,0.03007632550446698,-0.044486573438702604,-0.09027298504164473,-0.091306243597331,-0.11033575264268634,-0.05691558416046421,-0.06167398877787707,-0.050620711114726644
1102.0,0.06813102460656278,-0.02499537508211855,0.036949271979266916,0.042929556997726284,-0.03181068452022825,-0.12818879194629604,0.05834523905821407,0.08966248531528075,0.08168444215653937,-0.006808800860317937,-0.045067442794983,-0.09701337837647188,-0.13937223679194843,-0.04643169587849287,-0.06532600724160054,-0.03692030637676444
1103.0,0.09771930979174302,-0.024857088106675577,0.05365285215363231,0.036169821899785834,-0.030388215540138618,-0.15927582037769542,0.00923170393497913,0.08097873069077151,0.12837390012844652,0.020946436282941915,-0.008571806329456548,-0.09227862667229621,-0.14604764707824708,-0.033427273354911184,-0.05943141179738102,-0.021966333566215555
1104.0,0.11617094939108988,-0.018652089139332795,0.06180911367135319,0.02579687529879173,-0.029967769100611035,-0.17762663887606997,-0.023721661808599755,0.06908021600651375,0.1611669094834379,0.024936957550552086,-0.0014294645193741458,-0.07617733612510007,-0.12452477380239899,-0.018484505541658636,-0.04483861287877231,-0.0068605017262423525
1105.0,0.12094263533963025,-0.007387468256891128,0.06229567639337002,0.01667263061091883,-0.03004782381526532,-0.18759370299258307,-0.032682071089274574,0.04938301572498274,0.17293989139347973,-0.0015386344121674138,-0.03787814039384523,-0.05204251332758779,-0.07940669417115685,-0.0034924834875814294,-0.024066339213101192,0.0071586593831169665
1106.0,0.11215665323231935,0.004855434016160729,0.0566185769622779,0.012497878180285558,-0.028676800229087605,-0.19340156091787766,-0.018890752985724877,0.015563881131767241,0.1618141326098289,-0.05442487305925406,-0.11795456698503341,-0.025901068211250614,-0.024092215988885193,0.00887172405033702,0.00015660016067068478,0.0188249311963643
1107.0,0.09383681611120703,0.012993803661158206,0.04632365786082318,0.01468659093458265,-0.023165900002093943,-0.1943776722598452,0.008751589879350657,-0.03533685131764435,0.13265380080276243,-0.11945747792387759,-0.22325746806583882,-0.0030385560729296246,0.02539522484624358,0.016485868947182753,0.025404146777233676,0.027395465484077244
1108.0,0.0737905319384071,0.01376011327941906,0.03385471620167814,0.022944642648493815,-0.011570208867292818,-0.18529162513407393,0.03784546808872367,-0.09843067301342476,0.0957301438919349,-0.177388464959879,-0.32082193094557093,0.014844844726193782,0.0576119697686136,0.019339529982351587,0.04896857199283908,0.03307366063777847
1109.0,0.06117683112427868,0.008180637123304104,0.023433585855478625,0.03658770448116499,0.006070879589647631,-0.16143119141937698,0.05808144939767385,-0.16038314830786646,0.06367192691497164,-0.21121560977986295,-0.37495419485126247,0.03012907900503279,0.07025017238284298,0.019923165941696373,0.0671779360315046,0.03657348753649179
1110.0,0.0625359177616133,0.0018905825130880085,0.019881790598247757,0.0551020453308259,0.027505892110019553,-0.12352620320157186,0.06554179232790024,-0.20394115413092337,0.04764646722913341,-0.2118658153185662,-0.3616542158066843,0.047296767393220064,0.06982510181075435,0.02163798682140371,0.07570265139328076,0.037954737800827164
1111.0,0.07837218919118764,0.0020825836832435466,0.025465896752068937,0.07721574083593251,0.04877251335995955,-0.07885620482618284,0.06307570639564385,-0.21568285951501162,0.053250527595550996,-0.18054782438890582,-0.2791645645560395,0.06963797945044217,0.06674488495164957,0.026276615310540596,0.07088995455008924,0.035843221194564664
1112.0,0.10244762700711678,0.012997210031500218,0.03732394939439985,0.09932575927191162,0.0648751740745203,-0.03909130063864808,0.057039211125132924,-0.19269711987762259,0.07765748584124511,-0.12777917920964327,-0.1501342627056801,0.09650665305901668,0.069077581848904,0.032690673463455965,0.05148025591123742,0.02802273909722924
1113.0,0.1244258552642511,0.03372829286812529,0.04786348529066021,0.11509897079682284,0.07079036987663018,-0.01692578026554942,0.05340321251775532,-0.14428881897856208,0.1099761379131521,-0.06948071972837068,-0.013797598425406543,0.12269091864992462,0.07873116178550238,0.037709938988068126,0.01994994904603942,0.013164959755712106
1114.0,0.13443695666097644,0.05960330292073582,0.048348918795608924,0.11733368928718745,0.06317032391944508,-0.022054971633006983,0.055478169866683365,-0.08787185984220387,0.13535692844995348,-0.020836041756905965,0.08926166881967183,0.1402985038414444,0.09108850464577845,0.038456898189577725,-0.01724196979054605,-0.007591147465149395
1115.0,0.12710532581441367,0.08480977335275398,0.03365917754874325,0.10147801628534812,0.04224656234433308,-0.05666118942430064,0.06318431345051818,-0.04160831507069581,0.14152775114262786,0.009779707030512725,0.13318911250563392,0.14246397107617562,0.09751869085466279,0.03424761599600589,-0.0509015514421069,-0.03044089353897828
1116.0,0.1031993202436256,0.1037200942378963,0.005239930242931903,0.06880552176995701,0.012515494855334448,-0.11249047516249805,0.0732179840660578,-0.01778498030938307,0.12469385966071432,0.02346544579739308,0.11647363186967614,0.12723992188437033,0.09003745591481202,0.02679071882323972,-0.07185831607608421,-0.05044590770716992
1117.0,0.06872801894071867,0.11097885896002674,-0.029387033169990532,0.02698401943338034,-0.018649552821185526,-0.1722841102926984,0.08024914448005807,-0.01972285662724523,0.09113343066329116,0.028718820754851947,0.06092679840222377,0.09938083357209085,0.06610876189633548,0.0188932213190967,-0.0745253762043408,-0.06389677206642602
1118.0,0.03249839485804683,0.10227108027541952,-0.05973263762373514,-0.012786205866459233,-0.04357176036046325,-0.21560939174585458,0.079143847739182,-0.04248500935126291,0.053337554400758186,0.03643334899041108,0.000957151344713416,0.0685290076572693,0.030572910928538442,0.013005312552276079,-0.05929594288235002,-0.0697023816227343
1119.0,0.0030707749696614627,0.07657725062454639,-0.07621693684528927,-0.04059573091885796,-0.05651340855719639,-0.2259248188669117,0.06717208283431664,-0.07600011945700536,0.023482322308323852,0.054714556821207384,-0.03153353371231856,0.044674519839330205,-0.0065363006416902635,0.010484195082922759,-0.03192279894493928,-0.0688492982027244
1120.0,-0.01414182031219806,0.03814850376187554,-0.0735191728375533,-0.05196299285458136,-0.055002197211934195,-0.19542651842688155,0.044985006566213286,-0.1091355431252446,0.008408941368736862,0.0855773630837091,-0.019654632207185566,0.033653878801068904,-0.03465193376692914,0.011373886784342447,-0.0004040139504117476,-0.06304384776540418
1121.0,-0.01854026398197025,-0.004272857775002688,-0.05252779472634861,-0.049163416154014504,-0.04029547863582116,-0.1264561538171229,0.015917838657794423,-0.1334793186455322,0.00840042481764293,0.1248384724323673,0.03386131045219736,0.03512485159454887,-0.04718090567866358,0.014425509529813264,0.028128322258632373,-0.05420720909701718
1122.0,-0.01386544138827313,-0.04136667252365138,-0.02001221785614881,-0.03912841817733254,-0.016908311739800518,-0.03038568657553987,-0.015943916120216423,-0.14555221107704872,0.01928195126959584,0.16506218602121045,0.11109736025433486,0.04373854218765063,-0.043894795945163,0.017574201815441337,0.04878835045806145,-0.04478957380304425
1123.0,-0.005789690591570827,-0.06775539187110105,0.014113996106305846,-0.029279859899296715,0.008831296190729948,0.07490805799576122,-0.04759704133124667,-0.1467973778502786,0.03577359200566259,0.19967616646524147,0.18898768693878476,0.052668264003942034,-0.030181403118658075,0.01886052497344564,0.05899355978681956,-0.037577999859332765
1124.0,0.0009932056193348803,-0.08382608664519217,0.04052177393481663,-0.024081553490509437,0.030751249697370944,0.16875890534316773,-0.07744975882129915,-0.14194380077149815,0.05373810876496017,0.22584685400415977,0.24892242989264154,0.05736282655260533,-0.01381624250455886,0.017162700500568093,0.05835735905185493,-0.03466323075605757
1125.0,0.004269788576281846,-0.09408337755600332,0.053340088554176525,-0.02417855955595129,0.04456275158317997,0.23246614340166236,-0.10432153930161078,-0.13663685076538218,0.06981811269953295,0.24455659060978482,0.28151836844223715,0.057074530060141675,-0.0016030243445064715,0.01233300395932759,0.04867697657297065,-0.03654107246880197
1126.0,0.003674613158303163,-0.10416110472038904,0.05163696841625535,-0.027396024878247036,0.049050310556388525,0.2542567705969303,-0.1266757080706475,-0.1346278065348962,0.07924926307675018,0.2581373486081868,0.28657055932297987,0.053502347136750256,0.002413100601859166,0.005263236254904425,0.0335850546752652,-0.04194079031439123
1127.0,-0.0006416680412539726,-0.11859480582836912,0.03977409131728927,-0.029891141701867782,0.0467499041193962,0.2330043443209257,-0.14297601012076158,-0.13526283938366326,0.07497501540520222,0.2673005255403818,0.27057428127344807,0.04827710356273999,-0.002711274153034193,-0.001660494586578914,0.017630105943139334,-0.048101874376188514
1128.0,-0.008382789757910443,-0.13988999776029093,0.02624457380359528,-0.02719688814914051,0.04336373164256571,0.17887796829279745,-0.15268049253945176,-0.1331307255796379,0.05042917931855842,0.2698296665599207,0.24323800450934324,0.041517235433874373,-0.015319201026615891,-0.004611025018204791,0.0049266359401999825,-0.05133759248537276
1129.0,-0.01884028687205691,-0.16851610304395281,0.020464578346209843,-0.01581486911485612,0.045192542125883944,0.10974872039423561,-0.1569192695094414,-0.12086543193529514,0.0043125887611214315,0.261527955231386,0.2136168928523682,0.03223226343169554,-0.03208224783682462,-4.817840839265423e-05,-0.002083243761022353,-0.0481459695228579
1130.0,-0.031034373365765557,-0.20284955334891092,0.028348246045730857,0.004840968404099448,0.055788158979954414,0.04436738225759772,-0.15802070844752272,-0.09364517759012557,-0.05686167525777292,0.23861105546124337,0.18730921594825034,0.019734662594837405,-0.048894061778430926,0.012618273715310047,-0.00296946362063354,-0.03680594703014045
1131.0,-0.04403584569147387,-0.23858933359282553,0.04889975921361571,0.031181684525727216,0.07397597660220619,-0.004376806990200459,-0.15798582540512104,-0.05292926264868828,-0.1204243253879128,0.20045895126969734,0.16615160884031566,0.004667487198323356,-0.061752204074847265,0.029677969879146723,0.0013161652543220237,-0.018737575421650214
1132.0,-0.05673443979189783,-0.26905945208022897,0.07407270422593908,0.05575630013731803,0.09402374770975523,-0.03261301362999081,-0.15747932709572868,-0.007660218717621301,-0.17156234383660143,0.15148164016901372,0.14986060524565503,-0.011319908080721778,-0.06804169119787022,0.04427684319632972,0.00906439612029567,0.0012658018135398089
1133.0,-0.06716800206099893,-0.28760892420371836,0.09238673961026042,0.06938753243918734,0.10754225396165519,-0.044096000823583725,-0.15640964014071987,0.02808324560701912,-0.1972566270423168,0.1006653581994384,0.13750705598363022,-0.026974737458896295,-0.0678014951526717,0.049103944026077914,0.017847143503392927,0.01665619701001041
1134.0,-0.07229343971500632,-0.29054113764291045,0.09412934754802069,0.06443704474660907,0.10663223186415409,-0.04640576900615341,-0.15500730561707043,0.040721129905962786,-0.18976492193473354,0.058451106242474384,0.12759607085643218,-0.04234554144420563,-0.06385043995677714,0.038848063666281234,0.024669792484502635,0.02260545600291915
1135.0,-0.06901551721219047,-0.27821847655514853,0.07501643082757692,0.03779696769968579,0.0873250989078827,-0.04767547669891598,-0.15408487167581392,0.02358679835100135,-0.14979071647460515,0.032273559210992724,0.11724497463292506,-0.05817524276908972,-0.06042499056785934,0.011670537112712437,0.0269609796796309,0.019393370564591887
1136.0,-0.05616572816629588,-0.25407361694356645,0.037082719263654154,-0.00751722460305238,0.05166499499265052,-0.05498074811859796,-0.15455297886882804,-0.01946851382448418,-0.08775384494402792,0.022610391430816165,0.10146913720371635,-0.07470931782501415,-0.060861570803052406,-0.029930698255615715,0.024015435615759848,0.012600519518068853
1137.0,-0.03601303625601997,-0.22264637791041889,-0.012528159956986062,-0.0625863968207541,0.007163176550022124,-0.07323250783147395,-0.15648059889342586,-0.07509336250677336,-0.02098279753946263,0.02150387522435748,0.07368173038559214,-0.09110352979071654,-0.0652025203925005,-0.07878878365583486,0.017714650108389563,0.009358801627704055
1138.0,-0.01428438116337541,-0.18766716315846008,-0.06425890960430405,-0.11486622357346991,-0.0363079319601972,-0.10312771746450153,-0.15812768227931806,-0.12526583816229422,0.03302678549986119,0.015381566518579897,0.028449994509827364,-0.10544143656108088,-0.06941541817925309,-0.12422976885372135,0.011379383535573839,0.013506922922438009
1139.0,0.0013754723045009956,-0.15110995705381328,-0.10970196160350745,-0.1525254946299773,-0.07070073080479035,-0.13914277419779944,-0.15631497802780495,-0.15410905836590294,0.06387055580913716,-0.00838708468516203,-0.0344963078539232,-0.11537915091797697,-0.06780902835909086,-0.1554402671710205,0.007013217205894221,0.02306950546682438
1140.0,0.004293513282552474,-0.11362784150083793,-0.1443655464967541,-0.16936639612133797,-0.0928245824161048,-0.17050762446843967,-0.14855826339513029,-0.1543424660221048,0.07166314239370399,-0.05516501914389584,-0.10857094663622235,-0.11959758943905086,-0.0575868727840322,-0.1658206600304941,0.0033892786693830493,0.03141262104034025
1141.0,-0.00786053998611434,-0.07548789342106171,-0.16789702400664608,-0.16723766847077384,-0.10450226905995366,-0.1858908754340721,-0.1348339303047745,-0.1300878859016843,0.0648352911738043,-0.12111337826558244,-0.1832124796772935,-0.1189198851226727,-0.041726635654091904,-0.1555355518124201,-0.002621313192973352,0.0313686428950655
1142.0,-0.031246353637894457,-0.03681242858709892,-0.18189792228606524,-0.15394064931697693,-0.1099066777629518,-0.17831188333823017,-0.11680493835568902,-0.09400104894416764,0.05415077803614785,-0.19607396339560992,-0.24895128271371314,-0.115586799827055,-0.027247386304117344,-0.1306262676980493,-0.01233843757373707,0.020033228136825468
1143.0,-0.05725674140898312,0.0025391118906052173,-0.1874830353595468,-0.13823454886859982,-0.11216354596096817,-0.1463838115952156,-0.09539903990422176,-0.06064067344990951,0.04662765749482587,-0.2681100858120628,-0.3000891767033525,-0.1113144363354258,-0.020384783951277324,-0.09994941023291715,-0.02278246552714261,0.0010566207992651832
1144.0,-0.07670034854097628,0.04214856441600143,-0.18459126429220235,-0.12559541088571943,-0.11177724434669743,-0.09229973468101052,-0.06954334424254804,-0.04033121178807885,0.0423143514865747,-0.3267303727643046,-0.3336665721424991,-0.10636465373149649,-0.02322227328072496,-0.07212699199372431,-0.02797333588360284,-0.017389872437599894
1145.0,-0.08439088383778352,0.07943838414859015,-0.17299686969529693,-0.11687019894218849,-0.10754133159877245,-0.020344233999750192,-0.03740688875705784,-0.036155168865464105,0.03481472676718381,-0.36437498804250856,-0.34775515925385336,-0.10044175146724803,-0.033986588462683986,-0.053265857741875394,-0.0230934458368654,-0.02749914451895264
1146.0,-0.081352471671253,0.10923869550346378,-0.15337918824833605,-0.10931141037147209,-0.09816570228500404,0.0622295607630915,0.00097773110879265,-0.043916763320888036,0.014949757867685211,-0.37698383965877424,-0.3419070857539182,-0.0936805372763784,-0.04896341666733823,-0.0454345298485193,-0.007966616298516228,-0.025868573883406205
1147.0,-0.07317903910459007,0.12587599198972474,-0.1272380210221638,-0.09842142668062273,-0.08268988800444352,0.14412782806834676,0.04185275748712369,-0.054087606701477574,-0.02388081367987608,-0.36385421518223476,-0.3187699954637228,-0.08599700801514278,-0.0634760987814995,-0.04630716339468647,0.013100101872972647,-0.014072018847133144
1148.0,-0.06589230522734107,0.1265062244728311,-0.09618880946741476,-0.07979973164876165,-0.06002491732235143,0.21126599691368778,0.07799919610205094,-0.05543960027673246,-0.0811026806418615,-0.3267479190068257,-0.2837801393581353,-0.07590936253247849,-0.07201168934039288,-0.05025745913955186,0.03447282187297938,0.003637559939794486
1149.0,-0.06254009849849342,0.11278113391225186,-0.06193386706081337,-0.051029603619870585,-0.029442512740099836,0.2501828459308682,0.10094563127390344,-0.03983556516163381,-0.14772711909244218,-0.2689879103156139,-0.24189152640953224,-0.06129165332787171,-0.06901345906269986,-0.050355892693659414,0.05213454229946104,0.02289169056813929
1150.0,-0.0624382605331649,0.08974570326585567,-0.026909845680596834,-0.013266972466565921,0.007645257676510554,0.25209083977006974,0.10411365866674956,-0.006096038226741199,-0.20909604143747285,-0.19546809247412505,-0.19407552710093867,-0.04190937797237334,-0.05094338474716581,-0.04050407508537827,0.06459582168868483,0.040356413572989615
1151.0,-0.0623851362265861,0.06381474286027464,0.005544012833460444,0.028396613053176777,0.046336562834536736,0.21617446328956993,0.08605098055284113,0.039571318325277195,-0.2499291416446253,-0.11346803158829454,-0.13735981764460936,-0.020803020740433786,-0.01872737152995868,-0.017517888791505024,0.07244460373232081,0.05378456216043064
1152.0,-0.05859258629642433,0.04146570306293285,0.031732979122752226,0.06613536629558955,0.07884189428960439,0.1504647095164658,0.05257935934569689,0.08677641506186287,-0.2594608443241749,-0.03325382618915571,-0.06914197663530217,-0.0028053287289724303,0.0212205930338002,0.01708898109727533,0.07758009131514612,0.06192075090489496
1153.0,-0.04874150944174383,0.02790721658184346,0.048064507908861506,0.09159972624676513,0.09692385376959702,0.06896821442789902,0.015879643451978454,0.12520184602533987,-0.23520453747767622,0.032262089003807976,0.006943487641219413,0.008237323823484206,0.05873900900522786,0.056796644213077244,0.08231853928786012,0.06450774609675998
1154.0,-0.03354992322035348,0.02504563354732625,0.0513892443481082,0.09850484160424876,0.09485088088509945,-0.013710149207618106,-0.010293406030342903,0.14754129027027446,-0.184176775700107,0.06903632658589025,0.07764986594931594,0.011065293704214321,0.08368378036069496,0.092179528389864,0.08803235802731314,0.061933110108562936
1155.0,-0.016956366267118564,0.030382120787935618,0.040131406462407995,0.08495988906136799,0.07139217207710634,-0.08645696825400935,-0.016914332031896264,0.15099209599621924,-0.1202806568267794,0.06549688847633593,0.12301129610717661,0.006822357542343396,0.08950934293778594,0.11450843212091599,0.09341814333365286,0.05432679538507662
1156.0,-0.004301937186696275,0.03847796100828122,0.016343410991286826,0.05473753138367851,0.030398215251037048,-0.14195703208597107,-0.0035901330780471604,0.1378287276887372,-0.05797399943799735,0.018701096205680924,0.12613106331548968,-0.0018380879324572498,0.07544093447617442,0.11889872760107896,0.09386076134715893,0.04108988435617704
1157.0,0.000980269299317484,0.044078614121940356,-0.012950963288250749,0.01690200483754171,-0.019609659257811014,-0.17498041818434965,0.02211402213348175,0.11470695652459108,-0.00560303303639688,-0.06008922675216467,0.08454513608468793,-0.01146619889297805,0.04726743073305041,0.10572305607563617,0.08347372895315647,0.021912792933281282
1158.0,8.987719568739623e-05,0.044928178507476636,-0.03716864997126333,-0.01645213504701658,-0.06687459515447573,-0.18198389327807465,0.04906095854297661,0.09058856158080791,0.03687543799329029,-0.145656469732664,0.015014780956293598,-0.018312157015675345,0.016309749881457686,0.08011017434385868,0.0589329273218634,-0.0014796633645263472
1159.0,-0.0012451490854355862,0.043060881014750384,-0.04618165615543554,-0.03389983239722269,-0.09917613695149109,-0.1626247057954697,0.06790585113741317,0.07433997865672151,0.07431878480947306,-0.2066182018499647,-0.052255353988280434,-0.018755157600630838,-0.004063575860580086,0.05018769726738056,0.022285467072600044,-0.02466133763347892
1160.0,0.004021701515258393,0.043691088794770745,-0.03445972990158674,-0.028385019488568485,-0.10734608245301891,-0.12136242534231016,0.0747008712891389,0.07286030892472571,0.11011224858895514,-0.21730317865381904,-0.08685324234506613,-0.009850499438113376,-0.0034066579403087102,0.024818215243679356,-0.01907011507755774,-0.04167258993382002
1161.0,0.019946091891044352,0.05176552296267594,-0.003225703854460098,0.0004477718579979761,-0.08828811511117332,-0.06748793342309667,0.07130524731924626,0.08957150394526933,0.1418846274208218,-0.1680996825162493,-0.07146810980784796,0.009697416555088111,0.02161434256949718,0.010952385332102835,-0.0550153011230815,-0.04741749072104872
1162.0,0.044935594788659786,0.06839265772795097,0.03983994900311527,0.04582248025171581,-0.0464254073923917,-0.01279475372113748,0.06303084789575925,0.12324987488794008,0.16211954898649492,-0.06932820315973773,-0.008441339258661177,0.03834023283715306,0.06550211924249147,0.011090837021804795,-0.0765746220899479,-0.0399369263622344
1163.0,0.07223131236586382,0.0898274641727695,0.08310633800639153,0.09559152257720512,0.007170341928920847,0.03262170909610059,0.05530774311495726,0.16776833238128336,0.1628932115249916,0.053510656471284536,0.08321727902006285,0.0711733929420597,0.11523900374427735,0.022611255584461882,-0.07921643574948033,-0.0212291446314771
1164.0,0.09288116125248823,0.10957283382656365,0.11505727764569236,0.13618221437385958,0.05809801919201294,0.0641523268489653,0.051275440000989644,0.21318920531076652,0.1409049019572125,0.1707292798366604,0.17782369083095315,0.10096737331228013,0.1547146517924845,0.040046198853078016,-0.06420574445856311,0.003603410362245108
1165.0,0.09940761856143661,0.12186053944757695,0.1284045811584632,0.15749029134528414,0.09343159487632047,0.08336706112966552,0.051378857160624215,0.24835062625565177,0.09934834788448471,0.25961786059200814,0.2536452890159779,0.120801807640983,0.17138476585778392,0.05868851627362509,-0.03777976999719701,0.027972410168726394
1166.0,0.08856044984203779,0.12407429602996518,0.12247535800884252,0.15646986763466206,0.10610263279245653,0.09490926038090963,0.05468509855360151,0.2645829531998441,0.046126789135797104,0.30976559160535316,0.2981575342355678,0.12709337310286029,0.16213345211906133,0.07666037949306455,-0.008834627106044955,0.045388333098021386
1167.0,0.06217835063057695,0.11685960912026287,0.10281461034562309,0.137582808099339,0.0968729850693043,0.10183906483254301,0.06042075949229485,0.2589935385988695,-0.009954108324024002,0.32092028917100485,0.3067910138648374,0.12092364097289987,0.13458816970232246,0.09433462433323003,0.013999096795501655,0.0509750200607149
1168.0,0.025967956018655217,0.10258774182669428,0.07818746544238334,0.10985942612329491,0.07294547895863854,0.10292167608328565,0.06829132109017451,0.23510888111679984,-0.06274543469152251,0.29738797860980437,0.27907289807550467,0.10649854324873996,0.10286958744859927,0.11238489255266766,0.025002816426798583,0.04297267181514268
1169.0,-0.012906248872357156,0.0839069701220294,0.056635332271139045,0.0822731866106824,0.044067217336700985,0.09352679153932562,0.07760441664323252,0.2001925455102713,-0.10991357293524473,0.24462901688611555,0.2166099346279908,0.08810405085642523,0.08045004333951714,0.13020593955861504,0.022923988382961464,0.02379174371213289
1170.0,-0.04787242406991041,0.06370818127084912,0.04266880916233608,0.06005991302300559,0.018338744585499372,0.06921716738599336,0.08658057078350322,0.1612480513108748,-0.15100115359041621,0.17016281314926485,0.12425913253981538,0.0684367064018101,0.07408770578993214,0.14511864247962078,0.011121658822556476,-3.485149638926077e-05
1171.0,-0.07374464796033942,0.04607682695005183,0.03647323143974888,0.04364058063055776,-0.0002938825828930131,0.029844778444153702,0.09292876556996717,0.12272836442592618,-0.1840400725262765,0.08619123870337222,0.012961845008584334,0.049613224416056416,0.08168315645860658,0.1520967545935779,-0.003647827732134692,-0.019530529834470182
1172.0,-0.08664140482815608,0.03643138054245826,0.03487300850777802,0.030122979958572164,-0.012191176341801942,-0.018557947679898826,0.09526794468241538,0.0871747536680774,-0.20343274428382985,0.00975521594472694,-0.09866204580108212,0.03503179344286774,0.09483159246084055,0.14477189136710708,-0.013754947126651089,-0.02653716188909787
1173.0,-0.08402649418467656,0.04001822042463676,0.03352993771626558,0.016237293853223454,-0.020212009821576542,-0.06576548114995105,0.09424862431799731,0.057195285659189896,-0.20084632042320916,-0.04135013349199959,-0.18683737420896995,0.029267215786993758,0.104507050059071,0.1184947677067666,-0.013912065960845823,-0.01726262667333276
1174.0,-0.06542464527985863,0.059624893152227645,0.029562653131455674,0.0009952999217334956,-0.027000205591341017,-0.10174704945946325,0.09263028931830773,0.03633961381260359,-0.168939883235826,-0.055013411983653185,-0.22995743170953095,0.035622148099210646,0.10644882988492128,0.07407989844251969,-0.0035387043711904344,0.005942644043898201
1175.0,-0.033426644339052125,0.09352557622396006,0.023305552210757238,-0.013521010086686186,-0.03295909653575756,-0.12006753322934564,0.09396719357774261,0.02816246362241381,-0.10594204009007696,-0.030020498567357348,-0.2174411636856922,0.05373972313510049,0.10280086976614737,0.019561316169328394,0.013098764430936691,0.03574979182244668
1176.0,0.005826973124501184,0.1345212712322432,0.017916446058714872,-0.023795675813763816,-0.036267386764812434,-0.11844789154152582,0.10003004612605286,0.03444208533431705,-0.018401743223997777,0.022940631209851518,-0.15437578766389828,0.07929450017498237,0.0992236320897059,-0.031808444923026626,0.02904144981135819,0.06329046392350234
1177.0,0.04336448520147948,0.1712107900736782,0.01682536214459063,-0.027925973297587586,-0.03479586351768058,-0.0975600212020656,0.10820842084844236,0.05358638032822123,0.07969450667398353,0.08546839086141382,-0.05867594622309909,0.10534002231874169,0.1002212871915924,-0.06701204183328961,0.03784784757361501,0.08194551988064676
1178.0,0.06974097501806258,0.19165949246690717,0.0210695069654439,-0.027727630305870922,-0.028315714407375587,-0.06038295478355388,0.11105237396882346,0.08005709769313023,0.17128319962386104,0.13876167223058788,0.04668151698490905,0.12404137901610554,0.10607958646180199,-0.07924670302948812,0.036056376326965775,0.0895772337878565
1179.0,0.07850275360326572,0.1877969875374415,0.028888173360871704,-0.027705596025808264,-0.019321179059368795,-0.012679704930800052,0.09938578132008294,0.10565910780942658,0.24163207444019486,0.16980658552839745,0.14078428585426914,0.1286195773644882,0.11254353100207536,-0.07053504946705533,0.02365503354051136,0.08825361550661483
1180.0,0.06901313252547782,0.15845373329124135,0.037788331834295134,-0.031222492528003867,-0.01174724495440117,0.037422575347688586,0.06791528110195967,0.12266236655774007,0.28188684120857377,0.1735009542434152,0.20817481383035047,0.11582581228875741,0.11287623676173951,-0.04954537727727118,0.002951769718234758,0.08196663741173028
1181.0,0.04720593606113444,0.11005358983841189,0.04699550466247437,-0.03718846079812874,-0.00826753749728582,0.08217262091565534,0.019929924367729415,0.12705676395493645,0.290198690143141,0.15144217579844116,0.23956988530602644,0.0880980804639271,0.10150306345809382,-0.02661609036311408,-0.022419787966869765,0.07411636343997921
1182.0,0.023963028439230278,0.054798438240138365,0.05785690765504463,-0.040569806317105474,-0.008296810921153079,0.1172500126199352,-0.032372703621072196,0.11959475177543888,0.2716005284565502,0.1099612582591929,0.2325359140688667,0.05347217057299012,0.07707858801150654,-0.009283676614282513,-0.04759494905746476,0.06625590712406855
1183.0,0.011278851289561223,0.006638694964088633,0.0717567355355547,-0.03644472951764217,-0.008598588429245742,0.14209005055807117,-0.07295414358565355,0.1040173887573862,0.23674056883827846,0.058827415623173646,0.1930664846203983,0.02242838317579877,0.042661542974962836,-0.0005631172480319936,-0.06712568074942324,0.05803199978837705
1184.0,0.017219133251739415,-0.02330009190226331,0.08782328447459918,-0.023897473941085892,-0.00590285850610008,0.15771169607219768,-0.0896042651049245,0.08444902181940382,0.19886417137682047,0.010070436361212768,0.13616526165855758,0.003530069577818747,0.0036555404317265895,9.855801914231615e-05,-0.07715044348517547,0.047733028365623174
1185.0,0.04226707619627919,-0.02936982753619021,0.1029279301177287,-0.006442472760980936,0.0010220237945861128,0.16502986660932406,-0.07914891967075395,0.06413243206152781,0.16970734757424258,-0.0244375493509255,0.08259468870812649,0.0007689192336359443,-0.033765282540081286,-0.0049186094870700406,-0.07720334568640774,0.03349618770825668
1186.0,0.07960340345877907,-0.011615080948012398,0.11384749316286652,0.010821233615920467,0.011360611682467315,0.1651094813570692,-0.04742266589414232,0.04547711832808145,0.1557433493451353,-0.03675414765631707,0.05150627547206517,0.013512659748622025,-0.06305899694824184,-0.012426423048377197,-0.06961365462598536,0.014887544696847612
1187.0,0.11899236515257977,0.02468064011870342,0.11927328577472042,0.024366314935254825,0.023342153886815008,0.15986686337642061,-0.005757900635298562,0.0300360680220678,0.15581963467214582,-0.025995319075302854,0.05250904755344961,0.037533136801636,-0.0782936048107342,-0.019090458892966886,-0.057540727872770765,-0.006402131707290632
1188.0,0.15108052080506848,0.06911862221577715,0.11957167152212277,0.03307700736323968,0.034724236692974454,0.15157788640365266,0.03306312843609581,0.017718667459181707,0.16133514406933905,0.001402845117189988,0.08188704663193358,0.06580773513869717,-0.07647581052724804,-0.022839968922687384,-0.04406450595767869,-0.027501928789153314
1189.0,0.1694474035462481,0.10728374708147885,0.11446912956935527,0.03684020232814777,0.042466349485476694,0.1417152242762058,0.058471583850263444,0.005839691721965888,0.1599647200467045,0.03449285174642562,0.12499436129663033,0.08961956500457853,-0.05966664122199296,-0.024526421314673964,-0.03273630080282827,-0.04613566953600699
1190.0,0.17063560669824393,0.12443832157511008,0.10147592187877517,0.03527515311606859,0.04288048531299539,0.13067472125262145,0.06517145051804948,-0.010809904586797153,0.14188139461310345,0.06195744317733705,0.16316715398811885,0.10085156112151557,-0.03488183260496434,-0.027753901521084024,-0.027934762473558184,-0.061763985100946085
1191.0,0.15396243044461055,0.11121437341788368,0.0775090043998642,0.028407449600641878,0.03327801864904471,0.11879147190484565,0.05444393497930126,-0.03817985779695721,0.10491925086592895,0.07551109138391453,0.18163998667407044,0.09492455510400653,-0.011342970755142942,-0.0360056141278931,-0.03355706427678483,-0.07525227860161694
1192.0,0.12193744672919085,0.06810255155971222,0.04209742453966675,0.018200808966962193,0.014339083356628589,0.1073889023030056,0.032854708668876034,-0.08003135896193905,0.05506587453716978,0.07151507103312221,0.17483489246546097,0.07268189126274559,0.003116498177433283,-0.049172523964781126,-0.05049350875106521,-0.08740995747112275
1193.0,0.08040537324128835,0.005381738762466744,-0.0017445008423676767,0.008336621669988017,-0.009075515557793996,0.09829363972672933,0.008952580758294476,-0.13560682449677938,0.002094647441141663,0.05113361793518878,0.14678445258361777,0.039844894798460886,0.003834187528099017,-0.06287527170307171,-0.07504605166080026,-0.09777445093310516
1194.0,0.03734487144996373,-0.061593188220063724,-0.04962830058174593,0.0017822878688505432,-0.02991188147052104,0.0919281340103874,-0.010447235171782032,-0.19951471971041912,-0.045767296701341144,0.019900709644334665,0.1074943972139535,0.00418491705971506,-0.011110732116371754,-0.07153630983311747,-0.09981442858032324,-0.10472124611386117
1195.0,0.0004868673686021898,-0.1183137269925368,-0.09773156057172568,-0.0012843558298417618,-0.04219908879849889,0.08582952191559831,-0.02240418529950572,-0.26366284023447006,-0.08412691430359683,-0.013211601389464114,0.06809714086485423,-0.027834363485780278,-0.041344181835034896,-0.07235996636142955,-0.11629982930956655,-0.10649393053740458
1196.0,-0.02517631807085283,-0.1549465509617952,-0.1423588554842514,-0.002876251436847646,-0.0431383607589394,0.07496821743969773,-0.02717494196269228,-0.3194556798953923,-0.11156862422903052,-0.038003950363603475,0.03689991078987326,-0.052974512865411376,-0.08333372445940646,-0.06669388169864963,-0.11749665613178482,-0.10211021904000521
1197.0,-0.03880647510830971,-0.16749021728137076,-0.1782035422669834,-0.004530748780037498,-0.03311079245593343,0.053880814328169734,-0.025467170784779267,-0.358931207403083,-0.12826110997336684,-0.04652125146657012,0.01728297478503503,-0.07096738989773421,-0.1293329232987714,-0.0580118162504458,-0.09967447255218048,-0.09178949900836546
1198.0,-0.043382782274835004,-0.15733261019444755,-0.19793820009685162,-0.005256702814513747,-0.014623289367205255,0.01988612031901307,-0.016067620279533994,-0.3755831108505104,-0.13534162049553602,-0.03604244249568869,0.007980908228040281,-0.0829541752582008,-0.16808940774809067,-0.048651478999455905,-0.06353755354184933,-0.077033375647368
1199.0,-0.04396918610164067,-0.13021683787706986,-0.1947825849743442,-0.0022583158191517793,0.008348412254111806,-0.024399260965183727,0.0037469273863307015,-0.36661230756021823,-0.1343410372593776,-0.00975559821230971,0.005063742257223744,-0.09040562969204104,-0.1885830135191563,-0.03832128694326914,-0.014685008337301343,-0.060466263762220286
1200.0,-0.0454825590966199,-0.09508033551635325,-0.16692492606667314,0.006112438431573009,0.030538583988579938,-0.07145874130559822,0.03502583300438961,-0.33609681778346867,-0.1264585381110284,0.024829647218570484,0.0037207849192388157,-0.09537062461240539,-0.18583087609346793,-0.02567998565481082,0.03739905352525,-0.04549805939011848
1201.0,-0.0507538757464261,-0.0626568201801403,-0.12051653554518321,0.018058777011950123,0.04620824716333113,-0.11235327970610848,0.07409048033682906,-0.29574647818189526,-0.1127537624918722,0.05814309282459039,-0.0011913980122675836,-0.10089542724760898,-0.1648954140517648,-0.011311197019026591,0.08192274438731528,-0.035670141321097276
1202.0,-0.059831946620928264,-0.04360881826954847,-0.06887451782732835,0.02866520525047464,0.0506969743692499,-0.14083320872424548,0.11219660471928918,-0.26120739436406587,-0.09544156552738271,0.08039151926425822,-0.014755052577728143,-0.1103144898583922,-0.13950153816753055,0.0006951758547849271,0.10957961943972165,-0.03363019915899677
1203.0,-0.07114814335477965,-0.04639613426994941,-0.02810233132185008,0.03230959097434111,0.041579596490465026,-0.15556917133132575,0.1378395865474955,-0.24560598878431508,-0.0790139949690723,0.08314210015648758,-0.040314572520416536,-0.12580419380435978,-0.12572667570173987,0.003984201656743837,0.11443514227762004,-0.04012761946525687
1204.0,-0.08354455180342765,-0.07522527401367286,-0.010959613127525929,0.025772261174637632,0.019141251723456116,-0.15997906510134968,0.1405528373824791,-0.2535896849567669,-0.06995129169115724,0.06095845593077764,-0.07733455365603112,-0.1473113616586611,-0.13439336434097338,-0.006369219475789514,0.09527908241769203,-0.053315311749875936
1205.0,-0.0971777158442506,-0.12834006889284108,-0.021647269074385116,0.010411802100296073,-0.013338498885925181,-0.16036601941538425,0.11503642428074266,-0.2790053219524226,-0.07435960274182853,0.013294065268727156,-0.12079641314272989,-0.17242806261601426,-0.1660136999088369,-0.029940553097372386,0.056654317808042774,-0.06859051717458042
1206.0,-0.11258341019403371,-0.1975285650849766,-0.0542537531991507,-0.008493812235867928,-0.049877862352514984,-0.16287770635391727,0.06338296024484655,-0.30820861747042366,-0.09399663419804617,-0.05313325588384325,-0.16226153213017766,-0.19733042359180433,-0.21101490973312167,-0.06018648374448857,0.008092685153981568,-0.07981171047037046
1207.0,-0.12906008231152594,-0.26995163129242644,-0.09563716877327183,-0.02507942316759245,-0.08324714041352131,-0.17013923379087711,-0.006353596897979168,-0.3272332461253537,-0.12348190212972017,-0.1231294386544881,-0.19161309717972388,-0.21829446161054208,-0.25506117404044104,-0.08794609627479968,-0.039368877262649024,-0.08216468449230678
1208.0,-0.143814983224126,-0.33169440458346505,-0.13087012369999151,-0.03587151545921287,-0.1069272083845742,-0.17958961040180946,-0.08345898614316455,-0.32785156435263657,-0.15186668702467088,-0.17632455284274504,-0.19973479539817662,-0.23255988125590413,-0.2853715374351366,-0.10618026914047503,-0.07716261910653675,-0.07491800330939057
1209.0,-0.1524016682999274,-0.37093827939940194,-0.14867775401360184,-0.04007732545712125,-0.1165383989843118,-0.18520335212146624,-0.1564965590519587,-0.30919689811125783,-0.1680428675442966,-0.1955822865831846,-0.18270278502812373,-0.2379033368484437,-0.29382403454945416,-0.1122121381910016,-0.10066254207180604,-0.06165800308195488
1210.0,-0.15022661881510316,-0.3797194290577915,-0.14498743619454893,-0.03814959925069816,-0.11054290324103967,-0.1818405007183407,-0.21382296402213263,-0.2754681283673707,-0.1661124612908858,-0.17624724704445605,-0.14647363829092214,-0.23199457361579987,-0.27694219543002035,-0.10695442381533525,-0.10836742189936097,-0.04754010644028832
1211.0,-0.13445741106171644,-0.3549135270276839,-0.1234203820079216,-0.030886119026216702,-0.09046084515369132,-0.1691919416711232,-0.2451603366255141,-0.23228705230717808,-0.1475184268776114,-0.13032634753657193,-0.1090227998421138,-0.21295264374045622,-0.23573803882961172,-0.09314781027802832,-0.10109751605291084,-0.035642403660979184
1212.0,-0.10547730327627705,-0.29900598096951764,-0.09278388406716219,-0.01968460509372274,-0.06066184945375379,-0.1524630001844396,-0.2451372035085666,-0.18439575049729348,-0.11943744203941363,-0.08221009425972395,-0.09592114387553614,-0.1809614343567033,-0.1766064873685321,-0.07416223150580765,-0.08198625428540113,-0.025287384737293958
1213.0,-0.06736623115938668,-0.22017871262964095,-0.06304686013137861,-0.006870832026936056,-0.02742363609915483,-0.13971161379887687,-0.2166430048340299,-0.13569840774911468,-0.09116385748003465,-0.05744607442693795,-0.12852685221538088,-0.13950595081563394,-0.11140150514168214,-0.05325279284544356,-0.056227149041999144,-0.013387159099800199
1214.0,-0.02716706682404662,-0.13099215026860736,-0.0416257978328522,0.004839365693786466,0.0030960723203550555,-0.13811558356524728,-0.1709722166598672,-0.09000320643019845,-0.07070883612802542,-0.07053612659938407,-0.2108683121330543,-0.09499671283004699,-0.05479377454768751,-0.03271183127710339,-0.02971642223871877,0.0027981796177622936
1215.0,0.007053304927732166,-0.04587884521410789,-0.03134129498182118,0.013238016840263133,0.027144462710079958,-0.15102265027322842,-0.12414967098396958,-0.050640654839958325,-0.062395051116352566,-0.11830265049093845,-0.3242733908299404,-0.05486787753445732,-0.01968723416641931,-0.013420376450958185,-0.007039079245615632,0.02369191235317741
1216.0,0.0284282504622233,0.02133788794591938,-0.03072134559185168,0.0166761062342478,0.043974785173733245,-0.176458785857997,-0.09173679087123923,-0.019551907872220196,-0.06541551249035799,-0.18204787117745336,-0.4340118408379348,-0.02545088958059114,-0.013098977256824696,0.00422585814424737,0.009761318949305462,0.04689615250223596
1217.0,0.0326956420326236,0.059165931781276264,-0.03596721588631362,0.013498451886623014,0.054249471127232524,-0.20762245886151726,-0.08461024999151412,0.003011009579377,-0.07419425869591886,-0.23732341044578775,-0.5049639585141197,-0.010615041900630506,-0.03395273916399586,0.01875151727410664,0.020721659589768508,0.06781756444225077
1218.0,0.01899656612742047,0.0601950270853005,-0.04267043632742617,0.002549839651727689,0.058204535436370046,-0.23546137304816345,-0.10655813995602534,0.018690487171393974,-0.08121965268587478,-0.2663638104443268,-0.5184062163301345,-0.01094579700757635,-0.07289814633749137,0.02768125906818095,0.02652618388953593,0.0812833652249519
1219.0,-0.009343336049999536,0.023870171422644842,-0.04623474268662534,-0.014944875116865071,0.05551307155233354,-0.2524980588272999,-0.15328453116109284,0.03155424610960259,-0.08120715677162264,-0.26666948066896234,-0.48096514791369344,-0.023146365689872557,-0.11406822530889109,0.02989891593482311,0.027456273511145785,0.08384008961434407
1220.0,-0.04480574430097586,-0.040771694537804215,-0.04209483314071176,-0.03435139426398092,0.04656747285188236,-0.25641988396747595,-0.2123953023641417,0.047717987245267296,-0.07435870420127569,-0.2513440861979542,-0.4209472542011138,-0.040354694386573915,-0.13898533281354508,0.02779636334165426,0.023365291366888915,0.07559949998465954
1221.0,-0.07752894707703224,-0.11555279714862463,-0.027210858409048307,-0.04947974936242598,0.03342247420966832,-0.251100740644673,-0.2654441747329267,0.07290701349816629,-0.06677793010385365,-0.2411603579700621,-0.3739881995667334,-0.05420547301099586,-0.1328016517836343,0.026361291406098657,0.01450270873742486,0.06032351473267123
1222.0,-0.09845595104553953,-0.17855383508017678,-0.00225814206533375,-0.056265742494619325,0.019265627722961025,-0.2431672214213173,-0.2935825099543457,0.10885391922310199,-0.06717440488539571,-0.2524717764424737,-0.3649883953281596,-0.05800158267755861,-0.09123884059163394,0.029582362228659054,0.002495629781125071,0.0435789690634793
1223.0,-0.10206290199664003,-0.2116611880974975,0.02781418941665992,-0.054996973508514665,0.006982885672138107,-0.2360003554374557,-0.28503729311438697,0.15116900554766466,-0.08117002558427383,-0.2878572640420149,-0.3957413120571246,-0.049013811919110195,-0.023505284556031566,0.037481145705999315,-0.009274548610864436,0.03023269852263215
1224.0,-0.08768530623796333,-0.20556066903771705,0.05589894966269629,-0.04932989667717231,-0.0019210563843779834,-0.22633187437291444,-0.23973519175539315,0.19080069402096747,-0.1067937768896194,-0.33531098984694696,-0.4452749548289079,-0.028595665107936284,0.052417657229360634,0.046083434201339604,-0.01626437471291977,0.022855872072352824
1225.0,-0.05951055200705578,-0.1608300696959538,0.07577085228607046,-0.04362991280238478,-0.007499637706396626,-0.206385880235367,-0.16877567566417281,0.21843929187909347,-0.1343786472313846,-0.37568440485836596,-0.4815617154734053,-0.0006664916046218314,0.11908433587672428,0.04958774372490619,-0.014255208577096222,0.021532081927111847
1226.0,-0.025391797307534825,-0.08684446485407603,0.0838190011907976,-0.041065366851602975,-0.01079545251715275,-0.16945641500065112,-0.09033640138637633,0.22894131764281184,-0.15099051441382144,-0.39241734212933765,-0.47632658090048446,0.030017397685075334,0.16642007964556157,0.04298371645108023,-0.0012198118078243407,0.024319784217993273
1227.0,0.005422740857324148,0.0007795520176943168,0.07925516608382022,-0.043102421290938664,-0.013044486953981544,-0.11471471932312104,-0.023844338544918978,0.22341174331260968,-0.14684725608159407,-0.37794233189605553,-0.4155882687794667,0.058878668559051946,0.1926235020164914,0.024319795688966105,0.0213163232814599,0.027676965109497048
1228.0,0.025061186597140225,0.08458588948589246,0.0639739327063438,-0.049526520532829216,-0.015248178568928723,-0.048630820460141146,0.016727946526975408,0.2085977421980487,-0.12054362973942377,-0.33514148506025737,-0.303379701796012,0.08182323344040035,0.201370719886814,-0.003832382966299224,0.0482555164663505,0.02727704425905285
1229.0,0.02933166527863217,0.150412351664129,0.04254493928630866,-0.058342448804308424,-0.018082675096194697,0.017359478892326242,0.028272127653904855,0.19420342959045508,-0.08044613206830392,-0.27488840948736104,-0.15916649882547912,0.09559991893462134,0.19888949023070726,-0.03457134609391086,0.07258334045502245,0.019897618384342418
1230.0,0.018840204002633098,0.19096494170701195,0.021544672497243574,-0.06595074858053857,-0.021733327230042076,0.07156624110787702,0.01939066992824074,0.18883208288905373,-0.04114248216794084,-0.2113078735267842,-0.010701128776439165,0.09882275472181296,0.19212461874426437,-0.05899421228790349,0.08803994056333217,0.005726229034133165
1231.0,-0.0014185749072751987,0.20642188629842148,0.007612426725060195,-0.06822562466830678,-0.025870024203967685,0.10635169146310582,0.005577355946040638,0.19602891027257496,-0.016609826923543132,-0.15646917401336768,0.11507008544140411,0.09303207528472361,0.18738110943355457,-0.06967467008546588,0.09117791924521099,-0.01083225896882065
1232.0,-0.02397284331529911,0.20230238514381957,0.005187898586427995,-0.06201689985908602,-0.030064785550266544,0.11969090905195484,0.0013765121390105536,0.21285471976001613,-0.014141692995717848,-0.11653067495098528,0.1997816595635289,0.08261692791588672,0.18907283975828523,-0.06311646438235864,0.08173384678015111,-0.022980747617286492
1233.0,-0.04141990528067403,0.18635244136919138,0.015637732375975953,-0.04588832532484426,-0.03384237045404102,0.11417520544304564,0.014218283103038092,0.2324804656527772,-0.03222867937212197,-0.09098666617474843,0.2372555858443487,0.073503057393093,0.19900765713875074,-0.03973973259045213,0.062145106727513486,-0.02473869453513752
1234.0,-0.04831179944188954,0.16634940736114637,0.037920031443756254,-0.020016557582445794,-0.03571958516166421,0.0952795268190702,0.04304158666974438,0.24913332667141322,-0.06197101215169525,-0.07444018964436057,0.232671065885951,0.07135736064068786,0.21642566051175108,-0.0024125684660301645,0.03744914428477145,-0.013180849397741654
1235.0,-0.041968653539678255,0.14899897451470467,0.06915342065370417,0.013752624821847062,-0.03264382362259445,0.07007564870035264,0.08077780193758735,0.2614093129945234,-0.08979009170782801,-0.05872708932052646,0.19984041450394685,0.07967593174932903,0.2382843263174596,0.04421087475405315,0.014944906246117837,0.011178136217502186
1236.0,-0.022602875245874756,0.13896637615923949,0.10441879387424802,0.0515356844036479,-0.02152677147277526,0.04644212987521462,0.11781602574797806,0.27149930191922017,-0.10086958699102438,-0.0349102263998475,0.15829307758969516,0.09811719158299344,0.2596573531367227,0.09311797976072803,0.002134478726391407,0.04492333848430226
1237.0,0.007024457989099207,0.1379399384598649,0.13701293222736147,0.08757429747048096,-0.001982770400640589,0.032140165299000045,0.1451250053165255,0.28161611404881043,-0.08377980605614875,0.0038564682548683006,0.12900550997792912,0.12211187920629377,0.2748974854941223,0.1349560379131068,0.003298351369738417,0.08214652108775977
1238.0,0.04225119546951193,0.1444581385080391,0.15972189246362323,0.1152071833570512,0.02217917808326823,0.03312508626382516,0.15689778669039883,0.2907205178916121,-0.035000680735714954,0.05939028641159303,0.12813075383346906,0.1445257622187269,0.2795072718085911,0.15996311941158448,0.017007152099744197,0.11469087952234704
1239.0,0.07728423459644446,0.15481007613742706,0.1662619295928976,0.12822734807038227,0.04388737410489219,0.051745730927320883,0.1519447246368031,0.29365002079592367,0.039247869123079836,0.12775736034878435,0.1614961363742247,0.15872451340000038,0.27151855314219575,0.1609593864563906,0.03657639779563563,0.1330542415946752
1240.0,0.10632019548683541,0.16458221943802145,0.152701688888076,0.12256448605198587,0.05566277926152384,0.0863318416032809,0.1332793494482491,0.28317406208682594,0.12504579050053866,0.20137387474647545,0.22331118790839988,0.16124639711898006,0.25168064896250464,0.13580350810144823,0.0534319199080378,0.12865640944066634
1241.0,0.12495111429173562,0.17014302975876505,0.11940844568380724,0.09832822422830108,0.05314702301873033,0.13232274674952454,0.1067395864912518,0.25422981174896886,0.20547526186393397,0.27226804365123264,0.29935713692624294,0.1526358046983414,0.22305163013853888,0.08876607455096194,0.06115204086741917,0.0971648844031042
1242.0,0.1308550323930891,0.16946348262768582,0.07256584564909509,0.06107270049851201,0.037423014839123886,0.18360402848947646,0.0795433840190744,0.20796181418046283,0.26576500432344896,0.3345274493029736,0.3723103670390092,0.1363730866308015,0.19048300881741026,0.030655245395476587,0.05740822700607872,0.041473646801641756
1243.0,0.1232416012642959,0.16190287922376168,0.02297434827639365,0.020473643404761925,0.014392504805200292,0.233214614093358,0.05850010586147831,0.15248626127063958,0.2971049760578253,0.38495137529733964,0.4269309516584671,0.11681602293421481,0.1592919483851295,-0.023321460201227547,0.04314856813738756,-0.027535491566155937
1244.0,0.1022647554828878,0.14743932647832625,-0.018189117893677154,-0.013443672081760798,-0.008329065651558306,0.27397154526802037,0.04793142684170522,0.09966091368971426,0.2981366458295835,0.4219918656422322,0.45378037936616245,0.09741798347213415,0.13294425556956482,-0.05839433596264819,0.021120105094304262,-0.09350428092775136
1245.0,0.06998214151500422,0.12697034084402384,-0.04370501395785055,-0.03383387052653358,-0.024348861422873538,0.2999644695828999,0.048889905432645445,0.06038974163868338,0.2740369047235117,0.4440322622048411,0.45064330542562225,0.08043304398114039,0.11173919361524423,-0.06578678810398576,-0.00418479077119107,-0.1395010490713772
1246.0,0.032177647278046215,0.10407181207816432,-0.05192916540078672,-0.03832787191443568,-0.02956669985879006,0.3087682107888257,0.0604448650196265,0.04101037430600333,0.23418439610499284,0.44874602499582056,0.42168011782712894,0.06801207323084488,0.09407326957653528,-0.04609770005389643,-0.02591950392766986,-0.15329000908333673
1247.0,-0.001921808449056657,0.08556843151628603,-0.04595298354265528,-0.028753636475650154,-0.022257057397477267,0.302761580138232,0.08108249807912604,0.04136602966002677,0.18945996421900746,0.4345070882686166,0.3754405637653631,0.06289354315034743,0.07858568005802685,-0.009054937612113796,-0.03615284518129448,-0.13137838042328306
1248.0,-0.023356473183558078,0.07873785704627793,-0.03185155053815012,-0.010375819399028045,-0.0034016990249416037,0.28810896739189695,0.10827185582435461,0.05489414266254768,0.1493666862399299,0.40270515658611866,0.3227935767006314,0.06742428144183678,0.06456943380046631,0.03028200176010408,-0.029571733885112736,-0.08059240781953493
1249.0,-0.02776695180097176,0.08712949032962702,-0.016406026327700936,0.009487315197785631,0.023094428640411637,0.27193326087228614,0.13719606739290008,0.07129834999839973,0.11939669640289217,0.35908756004233017,0.2749789287085696,0.08175546005511616,0.05087476843141272,0.05755770637442763,-0.00690917203792118,-0.016016023032339913
1250.0,-0.016819064935446205,0.1086271936282847,-0.004425652986241342,0.02356559931910501,0.05129151671220647,0.2595424262807736,0.16096092604956982,0.08086357907510376,0.10026638675887643,0.313531549966062,0.24179291084746138,0.10268086055422426,0.03547988625640694,0.06473079818488099,0.02494732642363346,0.04441120709256321
1251.0,0.003528610138957344,0.13673655200324758,0.0028856113293339327,0.026525337471590815,0.07510575730369408,0.2529007296872622,0.17270008612969823,0.07794056928097633,0.09011942561687518,0.27842011517220877,0.23005728387419302,0.12364246928101637,0.016239242562878273,0.05230792906773383,0.05630531396988923,0.08622329493955676
1252.0,0.025990392628929094,0.16352672140674993,0.007065149810168355,0.01576581830260252,0.0900905049740542,0.2506289309851656,0.16800155747333098,0.06177401081181974,0.08821697828201966,0.2657275237412177,0.24248006208313272,0.13599010525303376,-0.008645773400155982,0.027114595483984236,0.0789569003306815,0.10279499035659599
1253.0,0.04495385475394189,0.18248694475602603,0.010008964040856685,-0.008442344430707738,0.09440081861278724,0.24949782820243666,0.14648602428953253,0.03516591523706171,0.09691770936454466,0.28343525854986523,0.2771059772356772,0.1316766720444819,-0.040597673469235984,-0.0022431200801379,0.08901629095013425,0.09624440370228374
1254.0,0.05882792079099449,0.19020565362064573,0.012668730296828499,-0.0424742792229779,0.08905952222607308,0.2465752615248474,0.11265163601951028,0.0029773475537534415,0.11991163332030029,0.3323594561128147,0.32747709627771227,0.10685216010166206,-0.07929386196515263,-0.02849044973211846,0.08756947507503247,0.07517165365429619
1255.0,0.07022508389393306,0.18647933302036404,0.01567613029166716,-0.07888135544002199,0.07759228314990169,0.24072477992430905,0.07581688043851384,-0.028559065681444548,0.1576381608694084,0.4042638665304083,0.3833125450287422,0.06454395461041165,-0.11995524775909554,-0.04595785881279796,0.07936322380840638,0.05068118099935869
1256.0,0.08307115588889727,0.1732543774759603,0.020213518633781565,-0.10759653684328437,0.0648352280946339,0.23277093345158154,0.048049432057296275,-0.05263508465921151,0.20322185777945026,0.4821999178242353,0.43174688419926305,0.014381734426621755,-0.1526138652282398,-0.05008270565123594,0.07004740521428256,0.03227084372575537
1257.0,0.09851948145235633,0.15291806070700237,0.02739363873538541,-0.11950527263147774,0.055015092736289566,0.22430755660334256,0.03961537674108521,-0.06393009746607449,0.24250685621014745,0.5442380972869941,0.45972844130507906,-0.031128455427113507,-0.16608949151128377,-0.03852125965000667,0.06295147357166218,0.024607167386648386
1258.0,0.11298527446833675,0.12644741282337366,0.036292098581092225,-0.11082385286712565,0.04971739995784143,0.21605112560935122,0.05363629223357436,-0.06170685909378263,0.2593949873545971,0.5706220897475323,0.45785388936382543,-0.06203700549333059,-0.15495916928900771,-0.013568450926118926,0.05685011450593416,0.025870073450376386
1259.0,0.11972945906960672,0.09276379431903656,0.04278519271191568,-0.08541479814174038,0.046918690794059505,0.20744827157415133,0.08342610971572856,-0.05171054571172686,0.24374454294445932,0.551735682315051,0.42440239866278795,-0.07503124733305833,-0.1242746324746512,0.016875597412089466,0.04621906361413263,0.028610218515183205
1260.0,0.11268021987079116,0.05043791104522744,0.041472653158013933,-0.05299663421815326,0.042238292141574825,0.1980015601650462,0.11505774521210638,-0.044116064062693326,0.19681499534269695,0.4926523264712314,0.36709970259922264,-0.07367697162405466,-0.08785065085636039,0.042140791636736966,0.024635537124183163,0.023726826096856658
1261.0,0.09009545871721181,0.0006726949580706755,0.02978194864925493,-0.024198140947959836,0.03204343959653369,0.18861853268792314,0.1338654138901829,-0.04781715862131604,0.1311684586640177,0.4116121512424682,0.3010288987955411,-0.0649016631351522,-0.06107560751580978,0.054176845043630545,-0.010109482120444196,0.006106507046368016
1262.0,0.056325767630920544,-0.05074887435948388,0.0104953678477508,-0.005856207430518611,0.016412931059794324,0.18135931241633899,0.13086405708627544,-0.06500501563507355,0.0659364085828485,0.3330227986915596,0.2436526976020137,-0.054449817231594165,-0.05334864709041771,0.05132877168505478,-0.05257179153218119,-0.021673772617857544
1263.0,0.02122142112981785,-0.09390643638131245,-0.009156815976963282,0.0010618776901899518,0.00012069923376028322,0.1779489858804851,0.10608027535601344,-0.0897116681722455,0.020367965693988913,0.2777871249421367,0.20951799197073118,-0.04429782977177276,-0.06460418342853545,0.038097796953615745,-0.09076389912803146,-0.05033344656980518
1264.0,-0.002658460901868164,-0.1177468098928083,-0.020387387993663714,0.0009487963690979778,-0.009035669258660802,0.17835878455656404,0.06809204040082925,-0.11098940217278581,0.007874960612494155,0.2545272702975005,0.20629752773165322,-0.03326772707604089,-0.08685132441811365,0.022327292811038582,-0.1115416881264507,-0.06883737700863647
1265.0,-0.004577270020392045,-0.1145408452682678,-0.01608485826602174,0.0011871380857424283,-0.003995883798253717,0.1800596615272649,0.030723468722350662,-0.11863653404785021,0.03171831350429516,0.25531812375387847,0.2319250811294909,-0.019903443912674342,-0.10872380985287122,0.012240581502012371,-0.10686408727882338,-0.06994441258320522
1266.0,0.01964105145951022,-0.083327883517722,0.006404366672777714,0.008702754809952412,0.017667255434382762,0.17815386562103533,0.008558007564899123,-0.10790160760254791,0.08366085235333186,0.2585939130461293,0.2730096012570722,-0.004965600851355985,-0.12021683432829765,0.01421831343902727,-0.07719281985005624,-0.05315260893399348
1267.0,0.06492088530409523,-0.0305668940494214,0.04373126301719117,0.02681155257315736,0.05193704883228865,0.1665764085711652,0.012246694215910403,-0.0808899148384601,0.14687741431779472,0.23888779664391807,0.3070503558878332,0.008524338910827576,-0.11591370661310231,0.030927505617118562,-0.03077012864003718,-0.024030278283402713
1268.0,0.11769964972237945,0.03161206132478708,0.08671465309095631,0.05366618404258371,0.08930805852823631,0.13966583098458082,0.044301963990229086,-0.04540201368113584,0.2019894647156827,0.17836309010827606,0.30975051692008576,0.016821850857440108,-0.0963623599018472,0.05956932370623939,0.019790274379563867,0.008804310301170553
1269.0,0.16014677419466128,0.0883182632170156,0.1223514636366329,0.08275886994060158,0.11780702102820942,0.09303197130546718,0.09723325397312278,-0.012722888967743307,0.23265503275104596,0.0730413705354016,0.2636604829211266,0.016354613625788543,-0.06750377389715657,0.091317679718804,0.0615329191914678,0.03699480736599465
1270.0,0.17654704055702056,0.12522072406397128,0.13761050105342318,0.10517683668831386,0.12706347721174488,0.02421128830060867,0.15554048515974464,0.005269071992214455,0.22869537501845488,-0.06868101030869157,0.16324907313129966,0.003792261083571599,-0.03825277036194254,0.11352729847437919,0.08469029528794084,0.0545262081122521
1271.0,0.15931119943338481,0.13185530877561963,0.1240667777375982,0.11277354477060372,0.11198991208769153,-0.06556682363919011,0.200689758472938,-0.0006234670431684397,0.1877437081788833,-0.23102938049408261,0.015736099214817705,-0.023076490128740617,-0.01735356821493986,0.11460124151313664,0.0851006284553529,0.05815043220689128
1272.0,0.11185484278180759,0.10445600748028246,0.08139157971876063,0.10113157403950396,0.07445506118386222,-0.16913807604906445,0.2168986804341895,-0.03415881391335949,0.11612506684299716,-0.3949075208528124,-0.16055422953679457,-0.06323819557514652,-0.010971346971979264,0.08924840310586404,0.06483571245185586,0.04694851229744235
1273.0,0.04702769530402096,0.047563324549496376,0.017799913570670154,0.07124215012551142,0.022373432965574293,-0.2731466969506548,0.19589741766452587,-0.09222245079810931,0.02787289059192916,-0.5408008465826747,-0.33969684537814715,-0.11089385660154084,-0.021492036721757184,0.04136049572467909,0.03082294622545654,0.02228159208839484
1274.0,-0.018111505777484833,-0.026667956751931246,-0.0528187690111842,0.02923658541211043,-0.03318501239671278,-0.3611088953789391,0.13934879000357198,-0.16519839976729345,-0.059000359264629744,-0.6518209967074681,-0.49356584787323743,-0.15634555981916679,-0.04725154076398082,-0.01703153101053639,-0.007945528109114917,-0.011493500373293513
1275.0,-0.06870741158374781,-0.10215301061689541,-0.1153574708929963,-0.015613623845866788,-0.08179807025700772,-0.41866457230430776,0.058182476897368905,-0.23921741904155683,-0.12818286426277783,-0.7167474788564768,-0.5984648730843553,-0.18940512269288803,-0.08320182944365417,-0.07027988049273541,-0.04347171387105025,-0.046689036704342
1276.0,-0.09673962218364679,-0.16446516343776538,-0.1575075639180763,-0.05356208742595281,-0.11694036283638613,-0.4384298793127079,-0.0308731325917481,-0.29944268703198906,-0.17033241371488436,-0.7320040775853764,-0.6413822317016825,-0.20354431734184036,-0.12252420240247817,-0.10509635905926314,-0.0707216308153159,-0.07388134055003265
1277.0,-0.10206266004910652,-0.2052190398575672,-0.17242345825268368,-0.07665020921353723,-0.1371015183741522,-0.4217519776442869,-0.11006665148506108,-0.332972224992439,-0.18511771630323806,-0.7015717720619083,-0.6231986848747055,-0.19820731735676766,-0.1581152626649341,-0.11531339513926557,-0.0877128039903463,-0.08533681108342582
1278.0,-0.09017910419785136,-0.22280577088307013,-0.15968142752593995,-0.08020511992086048,-0.14429941683582712,-0.37638778857415645,-0.1649578701197093,-0.3308953772128638,-0.17899707456247882,-0.6346076388732868,-0.5566983586617605,-0.17770090698229782,-0.18295367695043893,-0.10315779079080488,-0.09426945745687762,-0.0782820274611517
1279.0,-0.06859919076690942,-0.22025770074555132,-0.12438953012692253,-0.06375220955642091,-0.14121243046938475,-0.3122722255728202,-0.18748109348687134,-0.29021141140658197,-0.1608804495971895,-0.5422604280728459,-0.4609773302997843,-0.1476919094362722,-0.19038360633045753,-0.07677818113628858,-0.09086752908839907,-0.05607458081293699
1280.0,-0.04377382719638555,-0.2027302491011286,-0.07506171575610811,-0.031339541767713704,-0.12898322476363278,-0.2387535611358405,-0.17745567544888155,-0.2155845864085244,-0.13917946121980665,-0.43621219307538295,-0.35672131966604353,-0.11218358190092695,-0.17580027122627992,-0.0462598427288807,-0.07853010856016479,-0.026768976805305027
1281.0,-0.019804716183878152,-0.1760755785775618,-0.02139327531872394,0.009252800428598879,-0.10722664182830678,-0.164541683454844,-0.1422699494543349,-0.11962859673795102,-0.12154419695822939,-0.32975272894870533,-0.2642706150375331,-0.07317196008759444,-0.13936886890512115,-0.020468399112139372,-0.05951367895666275,0.00010839590430452313
1282.0,0.0009264338206222108,-0.14649166429474206,0.027356559345302414,0.04875859065144987,-0.07624181196308326,-0.09901611154020125,-0.09497675276152609,-0.020693278918431347,-0.1152508378567836,-0.23882901338268667,-0.20200583207955555,-0.032870577971348916,-0.08807296818380836,-0.00516161604282115,-0.03769176417097466,0.01703041356930414
1283.0,0.016185231494272565,-0.12014344852809494,0.06363807437464093,0.0794221135938501,-0.03951979123295291,-0.052475014524043156,-0.051119110441729246,0.06180719706329855,-0.1257125068575777,-0.17955542466984215,-0.18266223837598047,0.00391021520987874,-0.034976404867166334,-0.0018339139589567794,-0.017738327331564843,0.020731042581065576
1284.0,0.023034919812441896,-0.10161131400258423,0.08299487316652036,0.09726500015012748,-0.0040219913609694045,-0.03369644463740009,-0.02412795808561127,0.11325750507215704,-0.15347047668684047,-0.16228462346860018,-0.20919910137525488,0.030085274024193875,0.00539337331248573,-0.007350221252122253,-0.0033296816620881475,0.01269131996684431
1285.0,0.018731777140394992,-0.09190835122713038,0.08491445332835257,0.10232007492716967,0.022292580441666585,-0.04607628792878796,-0.0205603825328332,0.12803203948102776,-0.19245833415364236,-0.18647919787784037,-0.2736842694136992,0.03963979246926645,0.023167500904027357,-0.015258047273059494,0.004239079116914669,-0.0020110632640041744
1286.0,0.002611044659270657,-0.08841785655062345,0.07213640416626499,0.09672246354254771,0.03368366788373739,-0.08579533094983509,-0.03857961237968644,0.10924661098131919,-0.23144173939447946,-0.2400280167101219,-0.35978931443061807,0.031121321766447264,0.016526242172508372,-0.019191184905217873,0.0058559690390567075,-0.017243841067986553
1287.0,-0.022858366870563095,-0.0875651218039938,0.04879636879288479,0.08234396170343102,0.02853556958067837,-0.14346174135408238,-0.07122766339786116,0.06467651888180237,-0.25821077218585137,-0.303014440977705,-0.44691271078982253,0.008326520147070563,-0.008868366301984919,-0.016746277571407956,0.0032959733865387344,-0.02896282216570105
1288.0,-0.052866987391545925,-0.08796413469440383,0.018672846815137988,0.060043922578752705,0.009494018431111336,-0.20707802542103965,-0.11149806060654883,0.002709886033807192,-0.2646720388215,-0.35374256706250395,-0.5148210166277823,-0.021833052583065515,-0.04254285120869412,-0.011090309811277593,-0.0018644768548884024,-0.03718874473427416
1289.0,-0.08215450353434835,-0.09115148566204011,-0.015722128553447633,0.030578611702728343,-0.017791578440121594,-0.26403901608907243,-0.1550343941274097,-0.06879138565229638,-0.2501785912192927,-0.37431399876332005,-0.5482285841692477,-0.052024542231390386,-0.07274282918431962,-0.009124859119530357,-0.00867646977041593,-0.04532614356036118
